0.01392364501953125 0.0019157088122605363
0.19470977783203125 0.0038314176245210726
0.3415384292602539 0.005747126436781609
0.3884696960449219 0.007662835249042145
0.4163169860839844 0.009578544061302681
0.4766998291015625 0.011494252873563218
0.49298858642578125 0.013409961685823755
0.5280599594116211 0.01532567049808429
0.5374526977539062 0.017241379310344827
0.5622787475585938 0.019157088122605363
0.5764799118041992 0.0210727969348659
0.6531753540039062 0.022988505747126436
0.6668758392333984 0.02490421455938697
0.79541015625 0.02681992337164751
0.7964324951171875 0.028735632183908046
0.799224853515625 0.03065134099616858
0.8088293075561523 0.032567049808429116
0.9285497665405273 0.034482758620689655
0.969085693359375 0.03639846743295019
1.0608739852905273 0.038314176245210725
1.0895462036132812 0.040229885057471264
1.0898418426513672 0.0421455938697318
1.1035680770874023 0.044061302681992334
1.1037654876708984 0.04597701149425287
1.2396345138549805 0.04789272030651341
1.3246335983276367 0.04980842911877394
1.3283157348632812 0.05172413793103448
1.3842887878417969 0.05363984674329502
1.4165277481079102 0.05555555555555555
1.4193181991577148 0.05747126436781609
1.5720176696777344 0.05938697318007663
1.5931472778320312 0.06130268199233716
1.605748176574707 0.06321839080459771
1.6212005615234375 0.06513409961685823
1.6320075988769531 0.06704980842911877
1.6767587661743164 0.06896551724137931
1.8374557495117188 0.07088122605363985
1.869192123413086 0.07279693486590039
1.9485750198364258 0.07471264367816093
1.9782476425170898 0.07662835249042145
1.9895620346069336 0.07854406130268199
2.0586891174316406 0.08045977011494253
2.080113410949707 0.08237547892720307
2.2172012329101562 0.0842911877394636
2.270266532897949 0.08620689655172414
2.3257408142089844 0.08812260536398467
2.3815202713012695 0.09003831417624521
2.4529285430908203 0.09195402298850575
2.4928150177001953 0.09386973180076628
2.5512027740478516 0.09578544061302682
2.565509796142578 0.09770114942528736
2.577604293823242 0.09961685823754789
2.5880184173583984 0.10153256704980843
2.5990686416625977 0.10344827586206896
2.659907341003418 0.1053639846743295
2.677042007446289 0.10727969348659004
2.6991777420043945 0.10919540229885058
2.735607147216797 0.1111111111111111
2.736395835876465 0.11302681992337164
2.7997207641601562 0.11494252873563218
2.821704864501953 0.11685823754789272
2.8381052017211914 0.11877394636015326
2.843984603881836 0.1206896551724138
2.9102840423583984 0.12260536398467432
2.9456567764282227 0.12452107279693486
2.999757766723633 0.12643678160919541
3.120288848876953 0.12835249042145594
3.1290817260742188 0.13026819923371646
3.1399240493774414 0.13218390804597702
3.2255630493164062 0.13409961685823754
3.250412940979004 0.1360153256704981
3.309429168701172 0.13793103448275862
3.4010581970214844 0.13984674329501914
3.4628219604492188 0.1417624521072797
3.475006103515625 0.14367816091954022
3.5588464736938477 0.14559386973180077
3.598841667175293 0.1475095785440613
3.600714683532715 0.14942528735632185
3.672229766845703 0.15134099616858238
3.7119760513305664 0.1532567049808429
3.7531232833862305 0.15517241379310345
3.852999687194824 0.15708812260536398
3.960468292236328 0.15900383141762453
3.9803953170776367 0.16091954022988506
4.024869918823242 0.16283524904214558
4.028421401977539 0.16475095785440613
4.105655670166016 0.16666666666666666
4.119953155517578 0.1685823754789272
4.123628616333008 0.17049808429118773
4.160191535949707 0.1724137931034483
4.192310333251953 0.1743295019157088
4.212388038635254 0.17624521072796934
4.249764442443848 0.1781609195402299
4.476117134094238 0.18007662835249041
4.509599685668945 0.18199233716475097
4.516919136047363 0.1839080459770115
4.567316055297852 0.18582375478927204
4.581774711608887 0.18773946360153257
4.714284896850586 0.1896551724137931
4.746660232543945 0.19157088122605365
4.801204681396484 0.19348659003831417
4.835808753967285 0.19540229885057472
4.845516204833984 0.19731800766283525
4.90031623840332 0.19923371647509577
4.951235771179199 0.20114942528735633
4.968683242797852 0.20306513409961685
5.14063835144043 0.2049808429118774
5.146195411682129 0.20689655172413793
5.154560089111328 0.20881226053639848
5.286316871643066 0.210727969348659
5.291688919067383 0.21264367816091953
5.311426162719727 0.21455938697318008
5.380525588989258 0.2164750957854406
5.487994194030762 0.21839080459770116
5.724754333496094 0.22030651340996169
5.78633975982666 0.2222222222222222
5.817429542541504 0.22413793103448276
5.8841352462768555 0.2260536398467433
5.970945358276367 0.22796934865900384
6.245601654052734 0.22988505747126436
6.415556907653809 0.23180076628352492
6.425772666931152 0.23371647509578544
6.466153144836426 0.23563218390804597
6.477365493774414 0.23754789272030652
6.527652740478516 0.23946360153256704
6.591981887817383 0.2413793103448276
6.636314392089844 0.24329501915708812
6.669400215148926 0.24521072796934865
6.805082321166992 0.2471264367816092
6.821425437927246 0.24904214559386972
6.902997016906738 0.2509578544061303
6.93031120300293 0.25287356321839083
6.972304344177246 0.2547892720306513
7.0238237380981445 0.2567049808429119
7.035872459411621 0.25862068965517243
7.136746406555176 0.26053639846743293
7.198213577270508 0.2624521072796935
7.247706413269043 0.26436781609195403
7.273943901062012 0.2662835249042146
7.43204402923584 0.2681992337164751
7.681243896484375 0.27011494252873564
7.710670471191406 0.2720306513409962
7.710785865783691 0.2739463601532567
7.901714324951172 0.27586206896551724
8.186239242553711 0.2777777777777778
8.306422233581543 0.2796934865900383
8.343561172485352 0.28160919540229884
8.365860939025879 0.2835249042145594
8.412775039672852 0.28544061302681994
8.438920974731445 0.28735632183908044
8.484260559082031 0.289272030651341
8.601839065551758 0.29118773946360155
8.63782024383545 0.29310344827586204
8.639028549194336 0.2950191570881226
8.748342514038086 0.29693486590038315
8.836584091186523 0.2988505747126437
8.93184757232666 0.3007662835249042
9.002593040466309 0.30268199233716475
9.076605796813965 0.3045977011494253
9.079526901245117 0.3065134099616858
9.121915817260742 0.30842911877394635
9.182065963745117 0.3103448275862069
9.275259017944336 0.31226053639846746
9.30922794342041 0.31417624521072796
9.361671447753906 0.3160919540229885
9.365766525268555 0.31800766283524906
9.412317276000977 0.31992337164750956
9.41292667388916 0.3218390804597701
9.450045585632324 0.32375478927203066
9.517030715942383 0.32567049808429116
9.564271926879883 0.3275862068965517
9.589795112609863 0.32950191570881227
9.674385070800781 0.3314176245210728
9.819252967834473 0.3333333333333333
9.852651596069336 0.33524904214559387
9.910345077514648 0.3371647509578544
9.965893745422363 0.3390804597701149
10.016020774841309 0.34099616858237547
10.155786514282227 0.342911877394636
10.172444343566895 0.3448275862068966
10.240132331848145 0.34674329501915707
10.258453369140625 0.3486590038314176
10.287033081054688 0.3505747126436782
10.293059349060059 0.3524904214559387
10.307121276855469 0.3544061302681992
10.337956428527832 0.3563218390804598
10.387039184570312 0.35823754789272033
10.518783569335938 0.36015325670498083
10.57417106628418 0.3620689655172414
10.791779518127441 0.36398467432950193
10.992137908935547 0.36590038314176243
11.01880168914795 0.367816091954023
11.039179801940918 0.36973180076628354
11.291403770446777 0.3716475095785441
11.475163459777832 0.3735632183908046
11.503233909606934 0.37547892720306514
11.673494338989258 0.3773946360153257
11.68128490447998 0.3793103448275862
11.778204917907715 0.38122605363984674
11.800089836120605 0.3831417624521073
11.965821266174316 0.3850574712643678
12.11167049407959 0.38697318007662834
12.242801666259766 0.3888888888888889
12.388872146606445 0.39080459770114945
12.407750129699707 0.39272030651340994
12.464200973510742 0.3946360153256705
12.497913360595703 0.39655172413793105
12.544370651245117 0.39846743295019155
12.652615547180176 0.4003831417624521
12.762979507446289 0.40229885057471265
12.822962760925293 0.4042145593869732
13.019416809082031 0.4061302681992337
13.185336112976074 0.40804597701149425
13.545775413513184 0.4099616858237548
13.92563247680664 0.4118773946360153
13.958306312561035 0.41379310344827586
14.183708190917969 0.4157088122605364
14.303234100341797 0.41762452107279696
14.507067680358887 0.41954022988505746
14.54028606414795 0.421455938697318
14.601007461547852 0.42337164750957856
14.634112358093262 0.42528735632183906
14.748733520507812 0.4272030651340996
14.816390037536621 0.42911877394636017
14.86813735961914 0.43103448275862066
15.02416706085205 0.4329501915708812
15.09532356262207 0.43486590038314177
15.21123218536377 0.4367816091954023
15.26643180847168 0.4386973180076628
15.374068260192871 0.44061302681992337
15.4268159866333 0.4425287356321839
15.586849212646484 0.4444444444444444
15.601907730102539 0.446360153256705
15.617070198059082 0.4482758620689655
15.734940528869629 0.4501915708812261
15.958599090576172 0.4521072796934866
16.1303071975708 0.4540229885057471
16.22234535217285 0.4559386973180077
16.567838668823242 0.4578544061302682
16.752172470092773 0.45977011494252873
16.945476531982422 0.4616858237547893
17.066739082336426 0.46360153256704983
17.06717014312744 0.46551724137931033
17.197608947753906 0.4674329501915709
17.31501007080078 0.46934865900383144
17.325867652893066 0.47126436781609193
17.40492820739746 0.4731800766283525
17.46173095703125 0.47509578544061304
17.50320339202881 0.47701149425287354
17.70789337158203 0.4789272030651341
17.717111587524414 0.48084291187739464
17.814001083374023 0.4827586206896552
17.858564376831055 0.4846743295019157
17.93663215637207 0.48659003831417624
18.003068923950195 0.4885057471264368
18.007333755493164 0.4904214559386973
18.110766410827637 0.49233716475095785
18.251998901367188 0.4942528735632184
18.430055618286133 0.49616858237547895
18.434675216674805 0.49808429118773945
18.88710117340088 0.5
19.466474533081055 0.5019157088122606
19.618098258972168 0.5038314176245211
19.88173198699951 0.5057471264367817
20.109110832214355 0.5076628352490421
20.329313278198242 0.5095785440613027
20.3629150390625 0.5114942528735632
20.479507446289062 0.5134099616858238
20.494112968444824 0.5153256704980843
20.623598098754883 0.5172413793103449
20.743090629577637 0.5191570881226054
20.77013397216797 0.5210727969348659
20.9991455078125 0.5229885057471264
21.210612297058105 0.524904214559387
21.437504768371582 0.5268199233716475
21.507421493530273 0.5287356321839081
21.513611793518066 0.5306513409961686
22.08064365386963 0.5325670498084292
22.091057777404785 0.5344827586206896
22.175427436828613 0.5363984674329502
22.22016143798828 0.5383141762452107
22.34524440765381 0.5402298850574713
22.453774452209473 0.5421455938697318
22.632515907287598 0.5440613026819924
22.737428665161133 0.5459770114942529
22.756921768188477 0.5478927203065134
23.0684232711792 0.5498084291187739
23.141453742980957 0.5517241379310345
23.3555269241333 0.553639846743295
23.36631202697754 0.5555555555555556
23.42128276824951 0.5574712643678161
23.421403884887695 0.5593869731800766
23.605338096618652 0.5613026819923371
23.661044120788574 0.5632183908045977
23.86531352996826 0.5651340996168582
23.89054298400879 0.5670498084291188
24.04617214202881 0.5689655172413793
24.257347106933594 0.5708812260536399
24.71376609802246 0.5727969348659003
24.716896057128906 0.5747126436781609
24.720264434814453 0.5766283524904214
24.971132278442383 0.578544061302682
25.175740242004395 0.5804597701149425
25.258859634399414 0.5823754789272031
25.269935607910156 0.5842911877394636
25.3174409866333 0.5862068965517241
25.378887176513672 0.5881226053639846
25.539432525634766 0.5900383141762452
25.79517650604248 0.5919540229885057
25.795830726623535 0.5938697318007663
26.13429832458496 0.5957854406130269
26.784749031066895 0.5977011494252874
26.898426055908203 0.5996168582375478
26.982789993286133 0.6015325670498084
27.42368507385254 0.603448275862069
27.645426750183105 0.6053639846743295
27.674097061157227 0.60727969348659
27.687434196472168 0.6091954022988506
27.935121536254883 0.6111111111111112
27.960505485534668 0.6130268199233716
28.036503791809082 0.6149425287356322
28.270745277404785 0.6168582375478927
28.336156845092773 0.6187739463601533
28.34851837158203 0.6206896551724138
28.498966217041016 0.6226053639846744
28.554500579833984 0.6245210727969349
28.57498073577881 0.6264367816091954
28.622179985046387 0.6283524904214559
28.796942710876465 0.6302681992337165
28.879841804504395 0.632183908045977
29.44151782989502 0.6340996168582376
29.550414085388184 0.6360153256704981
29.64166259765625 0.6379310344827587
29.733332633972168 0.6398467432950191
29.94017505645752 0.6417624521072797
30.133788108825684 0.6436781609195402
30.898353576660156 0.6455938697318008
31.305699348449707 0.6475095785440613
31.465449333190918 0.6494252873563219
31.534700393676758 0.6513409961685823
32.39283752441406 0.6532567049808429
32.962825775146484 0.6551724137931034
33.149298667907715 0.657088122605364
33.31620788574219 0.6590038314176245
33.9280891418457 0.6609195402298851
34.0346155166626 0.6628352490421456
34.15127468109131 0.6647509578544061
34.54624843597412 0.6666666666666666
34.63851737976074 0.6685823754789272
34.9596061706543 0.6704980842911877
35.09655284881592 0.6724137931034483
35.45143985748291 0.6743295019157088
36.0954008102417 0.6762452107279694
36.4540376663208 0.6781609195402298
37.17006492614746 0.6800766283524904
38.57406806945801 0.6819923371647509
39.25016784667969 0.6839080459770115
39.286136627197266 0.685823754789272
39.501179695129395 0.6877394636015326
39.53891086578369 0.6896551724137931
39.805898666381836 0.6915708812260536
39.832180976867676 0.6934865900383141
39.87137317657471 0.6954022988505747
40.28242015838623 0.6973180076628352
40.56629943847656 0.6992337164750958
42.21333980560303 0.7011494252873564
42.518425941467285 0.7030651340996169
43.049081802368164 0.7049808429118773
43.419633865356445 0.7068965517241379
44.11388683319092 0.7088122605363985
44.245689392089844 0.710727969348659
44.355159759521484 0.7126436781609196
45.098538398742676 0.7145593869731801
45.11745643615723 0.7164750957854407
45.15188980102539 0.7183908045977011
45.550917625427246 0.7203065134099617
45.990652084350586 0.7222222222222222
46.7656135559082 0.7241379310344828
47.11540508270264 0.7260536398467433
47.96341037750244 0.7279693486590039
49.0051965713501 0.7298850574712644
49.1287317276001 0.7318007662835249
49.42464828491211 0.7337164750957854
49.63906669616699 0.735632183908046
50.83183002471924 0.7375478927203065
51.13804244995117 0.7394636015325671
51.223387718200684 0.7413793103448276
51.46750259399414 0.7432950191570882
52.50434970855713 0.7452107279693486
52.68417835235596 0.7471264367816092
53.99852180480957 0.7490421455938697
54.213969230651855 0.7509578544061303
55.47865581512451 0.7528735632183908
55.5457239151001 0.7547892720306514
55.69775104522705 0.7567049808429118
56.20628547668457 0.7586206896551724
57.9779052734375 0.7605363984674329
59.03323936462402 0.7624521072796935
59.100460052490234 0.764367816091954
59.12044715881348 0.7662835249042146
59.60135364532471 0.7681992337164751
59.61623954772949 0.7701149425287356
59.656188011169434 0.7720306513409961
62.31393814086914 0.7739463601532567
62.52267646789551 0.7758620689655172
62.753047943115234 0.7777777777777778
64.33603000640869 0.7796934865900383
65.08837795257568 0.7816091954022989
66.50804996490479 0.7835249042145593
67.2612829208374 0.7854406130268199
67.7641544342041 0.7873563218390804
68.94513034820557 0.789272030651341
68.96471118927002 0.7911877394636015
69.23359394073486 0.7931034482758621
69.88736915588379 0.7950191570881227
69.91446018218994 0.7969348659003831
70.2302017211914 0.7988505747126436
70.50634098052979 0.8007662835249042
70.8856725692749 0.8026819923371648
71.14947128295898 0.8045977011494253
71.27247428894043 0.8065134099616859
71.97518157958984 0.8084291187739464
72.03965950012207 0.8103448275862069
72.29019451141357 0.8122605363984674
73.1359338760376 0.814176245210728
73.41970443725586 0.8160919540229885
73.68463802337646 0.8180076628352491
74.80455303192139 0.8199233716475096
75.30848598480225 0.8218390804597702
76.38112831115723 0.8237547892720306
76.60023975372314 0.8256704980842912
76.69415950775146 0.8275862068965517
76.80969333648682 0.8295019157088123
77.06872653961182 0.8314176245210728
78.13851356506348 0.8333333333333334
78.16893291473389 0.8352490421455939
79.46490669250488 0.8371647509578544
79.5271110534668 0.8390804597701149
81.99784469604492 0.8409961685823755
83.68104076385498 0.842911877394636
84.11275482177734 0.8448275862068966
86.1055326461792 0.8467432950191571
86.32857418060303 0.8486590038314177
87.06896018981934 0.8505747126436781
87.4460277557373 0.8524904214559387
87.59414196014404 0.8544061302681992
89.1120023727417 0.8563218390804598
89.19353294372559 0.8582375478927203
89.38291263580322 0.8601532567049809
89.67260837554932 0.8620689655172413
94.15663051605225 0.8639846743295019
95.29742908477783 0.8659003831417624
95.48979091644287 0.867816091954023
95.54343700408936 0.8697318007662835
95.80265235900879 0.8716475095785441
96.04074287414551 0.8735632183908046
96.6226806640625 0.8754789272030651
97.72899913787842 0.8773946360153256
99.59283924102783 0.8793103448275862
100.1417875289917 0.8812260536398467
102.08882427215576 0.8831417624521073
104.97757720947266 0.8850574712643678
108.44429874420166 0.8869731800766284
110.60439586639404 0.8888888888888888
111.17162609100342 0.8908045977011494
111.98727893829346 0.89272030651341
113.57105350494385 0.8946360153256705
113.67108345031738 0.896551724137931
113.981032371521 0.8984674329501916
116.18732070922852 0.9003831417624522
116.50932884216309 0.9022988505747126
121.36548900604248 0.9042145593869731
129.33565616607666 0.9061302681992337
132.4168529510498 0.9080459770114943
133.06860160827637 0.9099616858237548
135.31441402435303 0.9118773946360154
142.4332628250122 0.9137931034482759
145.78255462646484 0.9157088122605364
146.76576805114746 0.9176245210727969
153.88372611999512 0.9195402298850575
157.98732089996338 0.921455938697318
158.4848289489746 0.9233716475095786
158.64302253723145 0.9252873563218391
159.91231155395508 0.9272030651340997
160.50702095031738 0.9291187739463601
163.02544498443604 0.9310344827586207
167.57068157196045 0.9329501915708812
168.94719409942627 0.9348659003831418
172.01251411437988 0.9367816091954023
179.7657585144043 0.9386973180076629
182.9757785797119 0.9406130268199234
184.48491954803467 0.9425287356321839
190.63245964050293 0.9444444444444444
190.75690174102783 0.946360153256705
194.52436065673828 0.9482758620689655
196.2525978088379 0.9501915708812261
203.27161312103271 0.9521072796934866
217.42670249938965 0.9540229885057471
218.55230045318604 0.9559386973180076
233.93582153320312 0.9578544061302682
243.54256343841553 0.9597701149425287
245.86895084381104 0.9616858237547893
254.3751277923584 0.9636015325670498
265.3074760437012 0.9655172413793104
271.0202569961548 0.9674329501915708
286.6477384567261 0.9693486590038314
307.271035194397 0.9712643678160919
307.8816566467285 0.9731800766283525
311.5207471847534 0.975095785440613
311.78035831451416 0.9770114942528736
320.0120258331299 0.9789272030651341
323.36035919189453 0.9808429118773946
325.6297836303711 0.9827586206896551
327.19754123687744 0.9846743295019157
418.761531829834 0.9865900383141762
422.6609697341919 0.9885057471264368
442.9692687988281 0.9904214559386973
462.7662830352783 0.9923371647509579
525.9704055786133 0.9942528735632183
642.8575458526611 0.9961685823754789
781.8935880661011 0.9980842911877394
2230.7507886886597 1.0
