14600.0 0.0019157088122605363
204168.0 0.0038314176245210726
358129.0 0.005747126436781609
407340.0 0.007662835249042145
436540.0 0.009578544061302681
499856.0 0.011494252873563218
516936.0 0.013409961685823755
553711.0 0.01532567049808429
563560.0 0.017241379310344827
589592.0 0.019157088122605363
604483.0 0.0210727969348659
684904.0 0.022988505747126436
699270.0 0.02490421455938697
834048.0 0.02681992337164751
835120.0 0.028735632183908046
838048.0 0.03065134099616858
848119.0 0.032567049808429116
973655.0 0.034482758620689655
1016160.0 0.03639846743295019
1112407.0 0.038314176245210725
1142472.0 0.040229885057471264
1142782.0 0.0421455938697318
1157175.0 0.044061302681992334
1157382.0 0.04597701149425287
1299851.0 0.04789272030651341
1388979.0 0.04980842911877394
1392840.0 0.05172413793103448
1451532.0 0.05363984674329502
1485337.0 0.05555555555555555
1488263.0 0.05747126436781609
1648380.0 0.05938697318007663
1670536.0 0.06130268199233716
1683749.0 0.06321839080459771
1699952.0 0.06513409961685823
1711284.0 0.06704980842911877
1758209.0 0.06896551724137931
1926712.0 0.07088122605363985
1959990.0 0.07279693486590039
2043229.0 0.07471264367816093
2074343.0 0.07662835249042145
2086207.0 0.07854406130268199
2158692.0 0.08045977011494253
2181157.0 0.08237547892720307
2324904.0 0.0842911877394636
2380547.0 0.08620689655172414
2438716.0 0.08812260536398467
2497205.0 0.09003831417624521
2572082.0 0.09195402298850575
2613906.0 0.09386973180076628
2675130.0 0.09578544061302682
2690132.0 0.09770114942528736
2702814.0 0.09961685823754789
2713734.0 0.10153256704980843
2725321.0 0.10344827586206896
2789115.0 0.1053639846743295
2807082.0 0.10727969348659004
2830293.0 0.10919540229885058
2868492.0 0.1111111111111111
2869319.0 0.11302681992337164
2935720.0 0.11494252873563218
2958772.0 0.11685823754789272
2975969.0 0.11877394636015326
2982134.0 0.1206896551724138
3051654.0 0.12260536398467432
3088745.0 0.12452107279693486
3145474.0 0.12643678160919541
3271860.0 0.12835249042145594
3281080.0 0.13026819923371646
3292449.0 0.13218390804597702
3382248.0 0.13409961685823754
3408305.0 0.1360153256704981
3470188.0 0.13793103448275862
3566268.0 0.13984674329501914
3631032.0 0.1417624521072797
3643808.0 0.14367816091954022
3731721.0 0.14559386973180077
3773659.0 0.1475095785440613
3775623.0 0.14942528735632185
3850612.0 0.15134099616858238
3892289.0 0.1532567049808429
3935435.0 0.15517241379310345
4040163.0 0.15708812260536398
4152852.0 0.15900383141762453
4173747.0 0.16091954022988506
4220382.0 0.16283524904214558
4224106.0 0.16475095785440613
4305092.0 0.16666666666666666
4320084.0 0.1685823754789272
4323938.0 0.17049808429118773
4362277.0 0.1724137931034483
4395956.0 0.1743295019157088
4417009.0 0.17624521072796934
4456201.0 0.1781609195402299
4693549.0 0.18007662835249041
4728658.0 0.18199233716475097
4736333.0 0.1839080459770115
4789178.0 0.18582375478927204
4804339.0 0.18773946360153257
4943286.0 0.1896551724137931
4977234.0 0.19157088122605365
5034428.0 0.19348659003831417
5070713.0 0.19540229885057472
5080892.0 0.19731800766283525
5138354.0 0.19923371647509577
5191747.0 0.20114942528735633
5210042.0 0.20306513409961685
5390350.0 0.2049808429118774
5396177.0 0.20689655172413793
5404948.0 0.20881226053639848
5543105.0 0.210727969348659
5548738.0 0.21264367816091953
5569434.0 0.21455938697318008
5641890.0 0.2164750957854406
5754579.0 0.21839080459770116
6002840.0 0.22030651340996169
6067417.0 0.2222222222222222
6100017.0 0.22413793103448276
6169963.0 0.2260536398467433
6260990.0 0.22796934865900384
6548988.0 0.22988505747126436
6727199.0 0.23180076628352492
6737911.0 0.23371647509578544
6780253.0 0.23563218390804597
6792010.0 0.23754789272030652
6844740.0 0.23946360153256704
6912194.0 0.2413793103448276
6958680.0 0.24329501915708812
6993373.0 0.24521072796934865
7135646.0 0.2471264367816092
7152783.0 0.24904214559386972
7238317.0 0.2509578544061303
7266958.0 0.25287356321839083
7310991.0 0.2547892720306513
7365013.0 0.2567049808429119
7377647.0 0.25862068965517243
7483421.0 0.26053639846743293
7547874.0 0.2624521072796935
7599771.0 0.26436781609195403
7627283.0 0.2662835249042146
7793063.0 0.2681992337164751
8054368.0 0.27011494252873564
8085224.0 0.2720306513409962
8085345.0 0.2739463601532567
8285548.0 0.27586206896551724
8583894.0 0.2777777777777778
8709915.0 0.2796934865900383
8748858.0 0.28160919540229884
8772241.0 0.2835249042145594
8821434.0 0.28544061302681994
8848850.0 0.28735632183908044
8896392.0 0.289272030651341
9019682.0 0.29118773946360155
9057411.0 0.29310344827586204
9058678.0 0.2950191570881226
9173302.0 0.29693486590038315
9265830.0 0.2988505747126437
9365721.0 0.3007662835249042
9439903.0 0.30268199233716475
9517511.0 0.3045977011494253
9520574.0 0.3065134099616858
9565022.0 0.30842911877394635
9628094.0 0.3103448275862069
9725814.0 0.31226053639846746
9761433.0 0.31417624521072796
9816424.0 0.3160919540229885
9820718.0 0.31800766283524906
9869530.0 0.31992337164750956
9870169.0 0.3218390804597701
9909091.0 0.32375478927203066
9979330.0 0.32567049808429116
10028866.0 0.3275862068965517
10055629.0 0.32950191570881227
10144328.0 0.3314176245210728
10296233.0 0.3333333333333333
10331254.0 0.33524904214559387
10391750.0 0.3371647509578544
10449997.0 0.3390804597701149
10502559.0 0.34099616858237547
10649114.0 0.342911877394636
10666581.0 0.3448275862068966
10737557.0 0.34674329501915707
10756768.0 0.3486590038314176
10786736.0 0.3505747126436782
10793055.0 0.3524904214559387
10807800.0 0.3544061302681992
10840133.0 0.3563218390804598
10891600.0 0.35823754789272033
11029744.0 0.36015325670498083
11087822.0 0.3620689655172414
11316001.0 0.36398467432950193
11526092.0 0.36590038314176243
11554051.0 0.367816091954023
11575419.0 0.36973180076628354
11839895.0 0.3716475095785441
12032581.0 0.3735632183908046
12062015.0 0.37547892720306514
12240546.0 0.3773946360153257
12248715.0 0.3793103448275862
12350343.0 0.38122605363984674
12373291.0 0.3831417624521073
12547073.0 0.3850574712643678
12700007.0 0.38697318007662834
12837508.0 0.3888888888888889
12990674.0 0.39080459770114945
13010469.0 0.39272030651340994
13069662.0 0.3946360153256705
13105012.0 0.39655172413793105
13153726.0 0.39846743295019155
13267229.0 0.4003831417624521
13382954.0 0.40229885057471265
13445851.0 0.4042145593869732
13651848.0 0.4061302681992337
13825827.0 0.40804597701149425
14203775.0 0.4099616858237548
14602084.0 0.4118773946360153
14636345.0 0.41379310344827586
14872696.0 0.4157088122605364
14998028.0 0.41762452107279696
15211763.0 0.41954022988505746
15246595.0 0.421455938697318
15310266.0 0.42337164750957856
15344979.0 0.42528735632183906
15465168.0 0.4272030651340996
15536111.0 0.42911877394636017
15590372.0 0.43103448275862066
15753981.0 0.4329501915708812
15828594.0 0.43486590038314177
15950133.0 0.4367816091954023
16008014.0 0.4386973180076628
16120879.0 0.44061302681992337
16176189.0 0.4425287356321839
16343996.0 0.4444444444444444
16359786.0 0.446360153256705
16375685.0 0.4482758620689655
16499281.0 0.4501915708812261
16733804.0 0.4521072796934866
16913853.0 0.4540229885057471
17010362.0 0.4559386973180077
17372638.0 0.4578544061302682
17565926.0 0.45977011494252873
17768620.0 0.4616858237547893
17895773.0 0.46360153256704983
17896225.0 0.46551724137931033
18033000.0 0.4674329501915709
18156104.0 0.46934865900383144
18167489.0 0.47126436781609193
18250390.0 0.4731800766283525
18309952.0 0.47509578544061304
18353439.0 0.47701149425287354
18568072.0 0.4789272030651341
18577738.0 0.48084291187739464
18679334.0 0.4827586206896552
18726062.0 0.4846743295019157
18807922.0 0.48659003831417624
18877586.0 0.4885057471264368
18882058.0 0.4904214559386973
18990515.0 0.49233716475095785
19138608.0 0.4942528735632184
19325314.0 0.49616858237547895
19330158.0 0.49808429118773945
19804561.0 0.5
20412078.0 0.5019157088122606
20571067.0 0.5038314176245211
20847507.0 0.5057471264367817
21085931.0 0.5076628352490421
21316830.0 0.5095785440613027
21352064.0 0.5114942528735632
21474320.0 0.5134099616858238
21489635.0 0.5153256704980843
21625410.0 0.5172413793103449
21750707.0 0.5191570881226054
21779064.0 0.5210727969348659
22019200.0 0.5229885057471264
22240939.0 0.524904214559387
22478853.0 0.5268199233716475
22552166.0 0.5287356321839081
22558657.0 0.5306513409961686
23153233.0 0.5325670498084292
23164153.0 0.5344827586206896
23252621.0 0.5363984674329502
23299528.0 0.5383141762452107
23430687.0 0.5402298850574713
23544489.0 0.5421455938697318
23731913.0 0.5440613026819924
23841922.0 0.5459770114942529
23862362.0 0.5478927203065134
24188995.0 0.5498084291187739
24265573.0 0.5517241379310345
24490045.0 0.553639846743295
24501354.0 0.5555555555555556
24558995.0 0.5574712643678161
24559122.0 0.5593869731800766
24751991.0 0.5613026819923371
24810403.0 0.5632183908045977
25024595.0 0.5651340996168582
25051050.0 0.5670498084291188
25214239.0 0.5689655172413793
25435672.0 0.5708812260536399
25914262.0 0.5727969348659003
25917544.0 0.5747126436781609
25921076.0 0.5766283524904214
26184130.0 0.578544061302682
26398677.0 0.5804597701149425
26485834.0 0.5823754789272031
26497448.0 0.5842911877394636
26547261.0 0.5862068965517241
26611692.0 0.5881226053639846
26780036.0 0.5900383141762452
27048203.0 0.5919540229885057
27048889.0 0.5938697318007663
27403798.0 0.5957854406130269
28085845.0 0.5977011494252874
28205044.0 0.5996168582375478
28293506.0 0.6015325670498084
28755818.0 0.603448275862069
28988331.0 0.6053639846743295
29018394.0 0.60727969348659
29032379.0 0.6091954022988506
29292098.0 0.6111111111111112
29318715.0 0.6130268199233716
29398405.0 0.6149425287356322
29644025.0 0.6168582375478927
29712614.0 0.6187739463601533
29725576.0 0.6206896551724138
29883332.0 0.6226053639846744
29941564.0 0.6245210727969349
29963039.0 0.6264367816091954
30012531.0 0.6283524904214559
30195783.0 0.6302681992337165
30282709.0 0.632183908045977
30871669.0 0.6340996168582376
30985855.0 0.6360153256704981
31081536.0 0.6379310344827587
31177659.0 0.6398467432950191
31394549.0 0.6417624521072797
31597567.0 0.6436781609195402
32399272.0 0.6455938697318008
32826405.0 0.6475095785440613
32993915.0 0.6494252873563219
33066530.0 0.6513409961685823
33966352.0 0.6532567049808429
34564028.0 0.6551724137931034
34759559.0 0.657088122605364
34934576.0 0.6590038314176245
35576180.0 0.6609195402298851
35687881.0 0.6628352490421456
35810207.0 0.6647509578544061
36224367.0 0.6666666666666666
36321118.0 0.6685823754789272
36657804.0 0.6704980842911877
36801403.0 0.6724137931034483
37173529.0 0.6743295019157088
37848771.0 0.6762452107279694
38224829.0 0.6781609195402298
38975638.0 0.6800766283524904
40447842.0 0.6819923371647509
41156784.0 0.6839080459770115
41194500.0 0.685823754789272
41419989.0 0.6877394636015326
41459553.0 0.6896551724137931
41739510.0 0.6915708812260536
41767069.0 0.6934865900383141
41808165.0 0.6954022988505747
42239179.0 0.6973180076628352
42536848.0 0.6992337164750958
44263895.0 0.7011494252873564
44583801.0 0.7030651340996169
45140234.0 0.7049808429118773
45528786.0 0.7068965517241379
46256763.0 0.7088122605363985
46394968.0 0.710727969348659
46509756.0 0.7126436781609196
47289245.0 0.7145593869731801
47309082.0 0.7164750957854407
47345188.0 0.7183908045977011
47763599.0 0.7203065134099617
48224694.0 0.7222222222222222
49037300.0 0.7241379310344828
49404083.0 0.7260536398467433
50293281.0 0.7279693486590039
51385673.0 0.7298850574712644
51515209.0 0.7318007662835249
51825500.0 0.7337164750957854
52050334.0 0.735632183908046
53301037.0 0.7375478927203065
53622124.0 0.7394636015325671
53711615.0 0.7413793103448276
53967588.0 0.7432950191570882
55054801.0 0.7452107279693486
55243365.0 0.7471264367816092
56621554.0 0.7490421455938697
56847467.0 0.7509578544061303
58173587.0 0.7528735632183908
58243913.0 0.7547892720306514
58403325.0 0.7567049808429118
58936562.0 0.7586206896551724
60794240.0 0.7605363984674329
61900838.0 0.7624521072796935
61971324.0 0.764367816091954
61992282.0 0.7662835249042146
62496549.0 0.7681992337164751
62512158.0 0.7701149425287356
62554047.0 0.7720306513409961
65340900.0 0.7739463601532567
65559778.0 0.7758620689655172
65801340.0 0.7777777777777778
67461217.0 0.7796934865900383
68250111.0 0.7816091954022989
69738745.0 0.7835249042145593
70528567.0 0.7854406130268199
71055866.0 0.7873563218390804
72294209.0 0.789272030651341
72314741.0 0.7911877394636015
72596685.0 0.7931034482758621
73282218.0 0.7950191570881227
73310625.0 0.7969348659003831
73641704.0 0.7988505747126436
73931257.0 0.8007662835249042
74329015.0 0.8026819923371648
74605628.0 0.8045977011494253
74734606.0 0.8065134099616859
75471448.0 0.8084291187739464
75539058.0 0.8103448275862069
75801763.0 0.8122605363984674
76688585.0 0.814176245210728
76986140.0 0.8160919540229885
77263943.0 0.8180076628352491
78438259.0 0.8199233716475096
78966671.0 0.8218390804597702
80091418.0 0.8237547892720306
80321173.0 0.8256704980842912
80419655.0 0.8275862068965517
80540801.0 0.8295019157088123
80812417.0 0.8314176245210728
81934170.0 0.8333333333333334
81966067.0 0.8352490421455939
83324994.0 0.8371647509578544
83390220.0 0.8390804597701149
85980972.0 0.8409961685823755
87745931.0 0.842911877394636
88198616.0 0.8448275862068966
90288195.0 0.8467432950191571
90522071.0 0.8486590038314177
91298422.0 0.8505747126436781
91693806.0 0.8524904214559387
91849115.0 0.8544061302681992
93440707.0 0.8563218390804598
93526198.0 0.8582375478927203
93724777.0 0.8601532567049809
94028545.0 0.8620689655172413
98730383.0 0.8639846743295019
99926597.0 0.8659003831417624
100128303.0 0.867816091954023
100184555.0 0.8697318007662835
100456362.0 0.8716475095785441
100706018.0 0.8735632183908046
101316224.0 0.8754789272030651
102476283.0 0.8773946360153256
104430661.0 0.8793103448275862
105006275.0 0.8812260536398467
107047891.0 0.8831417624521073
110076968.0 0.8850574712643678
113712089.0 0.8869731800766284
115977115.0 0.8888888888888888
116571899.0 0.8908045977011494
117427173.0 0.89272030651341
119087881.0 0.8946360153256705
119192770.0 0.896551724137931
119517775.0 0.8984674329501916
121831236.0 0.9003831417624522
122168886.0 0.9022988505747126
127260939.0 0.9042145593869731
135618265.0 0.9061302681992337
138849134.0 0.9080459770114943
139532542.0 0.9099616858237548
141887447.0 0.9118773946360154
149352101.0 0.9137931034482759
152864088.0 0.9157088122605364
153895062.0 0.9176245210727969
161358782.0 0.9195402298850575
165661713.0 0.921455938697318
166183388.0 0.9233716475095786
166349266.0 0.9252873563218391
167680212.0 0.9272030651340997
168303810.0 0.9291187739463601
170944569.0 0.9310344827586207
175710595.0 0.9329501915708812
177153973.0 0.9348659003831418
180368194.0 0.9367816091954023
188498060.0 0.9386973180076629
191864010.0 0.9406130268199234
193446459.0 0.9425287356321839
199892622.0 0.9444444444444444
200023109.0 0.946360153256705
203973576.0 0.9482758620689655
205785764.0 0.9501915708812261
213145735.0 0.9521072796934866
227988422.0 0.9540229885057471
229168697.0 0.9559386973180076
245299488.0 0.9578544061302682
255372887.0 0.9597701149425287
257812281.0 0.9616858237547893
266731654.0 0.9636015325670498
278195052.0 0.9655172413793104
284185337.0 0.9674329501915708
300571939.0 0.9693486590038314
322197033.0 0.9712643678160919
322837316.0 0.9731800766283525
326653179.0 0.975095785440613
326925401.0 0.9770114942528736
335556930.0 0.9789272030651341
339067912.0 0.9808429118773946
341447576.0 0.9827586206896551
343091489.0 0.9846743295019157
439103292.0 0.9865900383141762
443192149.0 0.9885057471264368
464486944.0 0.9904214559386973
485245618.0 0.9923371647509579
551519944.0 0.9942528735632183
674084994.0 0.9961685823754789
819874851.0 0.9980842911877394
2339111739.0 1.0
