3 1.8300304267990781 0.5541121758950125
4 1.4549231364380357 0.5099148235967854
5 1.3246226628789215 0.5126698829621232
6 1.179159205280301 0.49076911750070906
7 1.1518828278716267 0.5965010150530086
8 1.2007289069258775 0.6620372776147816
9 1.1633200468688887 0.7182048714677197
10 1.132426784640195 0.6817991965024826
11 1.0734204646556875 0.7221588878268964
12 1.1171816480446366 0.7665423370587052
13 1.1512705117494126 0.8108446945523486
14 1.0569292626459728 0.7671011885082568
15 1.0813265324902157 0.8049265067989091
16 0.9380273046387547 0.8031975920335167
17 0.9516316134181363 0.8267732367363468
18 0.9665085451991352 0.8238512915354569
19 0.9814551387098306 0.8787522669402044
20 1.0056462941425526 0.9077582773047705
