5.81076 1307.639
30.5488 1281.519
52.3355 705.914
47.7001 459.823
62.9387 495.484
42.9141 490.747
84.0944 1242.118
88.3616 44.149
171.593 1001.176
40.3232 1256.070
44.7429 1234.485
15.1331 1293.403
20.9945 1225.473
11.81 1231.773
58.3272 1231.260
30.8752 488.553
59.7062 427.244
91.7127 919.745
39.4696 1252.462
15.9828 1214.660
9.66228 1325.048
76.7486 1233.924
23.8461 1273.498
18.7323 1226.616
80.3012 497.136
20.143 1266.979
110.109 493.221
104.842 496.636
21.4945 1275.107
26.553 758.580
12.4886 1381.521
13.3402 1260.406
96.476 1240.478
75.4619 495.600
191.366 671.081
110.958 1236.555
6.58441 1325.723
56.5995 1221.597
0.608742 191.871
10.7818 677.066
69.3802 1215.822
76.4387 1242.173
19.6566 768.679
88.5369 1145.860
51.179 671.666
79.0608 1229.472
143.866 495.138
10.5583 1310.072
28.6897 667.657
56.4135 1019.236
17.5193 628.025
1.34211 417.730
20.4846 484.802
30.7098 1204.507
61.2733 1236.200
52.5942 1253.067
66.2144 672.848
0.954896 1113.085
39.9403 1243.901
13.1141 491.863
0.267065 481.083
100.777 633.932
25.6502 1272.614
40.993 1254.785
63.9691 1004.884
83.1985 1025.899
5.87049 1239.097
73.4998 1245.916
50.8542 1207.176
57.2921 1241.806
240.897 491.986
15.3032 1114.983
59.5308 489.670
62.1394 670.409
56.6146 1230.313
83.934 786.578
18.7329 1275.370
57.2448 1232.032
9.48482 1309.458
372.516 493.330
37.0397 492.353
40.179 496.329
175.839 492.753
20.9978 492.476
140.044 852.512
68.0227 1225.094
47.2253 501.576
84.202 1244.547
34.8908 494.960
51.6089 1222.041
96.5079 1234.565
57.1053 491.292
28.1249 494.781
16.8522 966.558
9.61016 1283.928
322.341 657.971
5.28676 1374.325
2.09902 1452.337
9.53205 732.753
3.4845 1188.297
48.7093 401.859
81.6479 1237.339
147.21 483.761
14.0314 4425.107
9.13316 1172.097
128.144 1230.478
23.6927 1241.593
17.5194 1293.306
69.9333 1241.943
316.546 491.983
61.1322 1243.993
3.96897 1284.874
13.8832 1197.124
27.1546 1262.617
140.148 491.589
20.6731 1213.259
216.758 673.676
125.827 1234.383
13.2824 1284.389
53.0894 1244.663
82.3271 1211.121
41.471 1222.657
63.8434 1237.020
85.0462 1220.190
5.42859 201.199
49.0598 489.108
7.50407 526.093
0.940954 1166.817
5.44342 826.644
393.362 483.970
13.5759 1241.536
237.108 676.045
8.74683 1083.443
54.7418 1169.438
92.7961 637.250
133.322 1231.368
32.4315 504.005
4.51047 1284.518
73.4655 1220.061
26.8454 1210.780
53.2209 1252.950
10.7107 1229.735
32.5244 668.245
11.1841 1231.535
17.976 1197.273
42.4904 491.071
11.748 1269.392
57.7576 1239.408
158.037 495.775
69.1321 1227.142
5.33745 1393.953
5.81827 1156.302
4.03606 457.238
4.14622 614.111
25.7964 1234.364
78.5533 1240.432
16.3956 1274.643
73.174 495.299
19.0672 1217.491
22.4716 485.647
15.8036 1187.359
431.737 164.065
18.9956 1238.086
39.8863 1242.358
76.1441 493.434
133.345 497.692
150.99 788.564
155.881 490.141
30.6168 489.166
225.655 736.942
17.4715 1217.024
69.2917 1223.034
35.3031 1237.695
22.3751 1217.115
56.4404 1252.953
40.6553 498.420
24.0859 1114.880
31.9064 1251.496
108.895 489.966
81.5512 499.418
15.5273 1249.330
7.18804 1303.762
6.72392 512.439
42.8572 1254.843
39.0309 490.502
129.142 708.824
25.0513 493.450
3.53057 569.018
33.8571 838.769
39.8115 1231.862
17.039 1198.864
16.6093 1288.499
132.528 736.047
25.6931 496.626
233.075 403.042
8.57198 1154.104
29.2965 495.770
0.160695 581.474
100.686 493.377
49.9858 495.756
14.3941 1306.144
3.83481 1185.582
1.13749 1232.188
63.2538 1235.737
47.6867 494.826
20.7756 1230.362
61.2076 1247.246
39.746 1240.487
95.1499 1241.950
12.6108 1022.512
3.84776 1408.745
10.3093 1320.406
157.725 1221.559
43.2178 1210.407
56.8738 1247.561
106.708 490.413
110.899 662.429
238.623 669.533
16.0082 1266.190
624.589 158.244
37.6586 1256.117
50.2118 1266.090
203.802 883.390
14.3318 6166.738
40.9075 683.955
83.4626 1230.089
74.3618 1241.823
27.1463 506.088
27.951 486.553
186.524 492.434
70.213 903.040
7.45538 1378.002
89.5084 826.963
88.5453 1238.367
86.1479 492.303
333.9 492.596
6.93092 1347.241
77.3211 497.747
68.9922 1234.385
66.73 1238.574
5.82544 1280.995
237.054 491.626
41.5139 798.040
169.478 1167.167
240.349 812.488
21.2678 1218.558
72.1364 1220.247
7.11344 1386.326
124.256 660.974
161.031 1071.608
129.948 1234.317
2.48908 497.405
31.1267 505.039
5.19858 1488.898
7.84144 1076.925
6.90434 1194.333
0.837209 251.120
77.3509 1230.815
93.3111 1228.895
180.837 497.197
1.65392 1047.544
95.118 1231.791
39.916 489.092
21.6521 1308.552
9.30853 1335.068
20.9154 719.392
1.61498 1725.920
49.8474 1233.530
173.833 1129.900
59.8098 497.317
246.874 491.924
120.606 830.253
12.4527 837.668
122.788 494.959
28.8251 1273.288
10.2789 1389.141
11.6142 1257.117
34.0709 497.292
13.6307 1322.658
229.331 672.148
12.9614 501.370
161.221 409.140
46.4341 1261.472
59.3272 1233.116
29.0118 504.819
160.508 1231.890
171.816 386.876
18.5223 1261.442
187.865 354.602
52.2135 658.780
232.945 489.886
315.993 491.762
0.666146 263.006
30.3688 1220.299
96.1404 658.538
8.24058 1399.537
24.524 502.631
48.544 1253.453
37.8175 1205.630
12.5105 1293.104
171.253 1154.389
35.4487 1255.175
180.012 656.800
6.21411 229.284
10.4102 526.493
4.99128 877.531
31.5523 498.799
47.3066 1229.380
34.3197 1241.577
6.65144 1399.145
239.297 672.986
56.1559 488.669
141.223 1229.238
17.9053 1278.978
30.3442 497.873
8.37227 1432.262
35.5966 1258.627
35.9682 1205.457
75.4133 494.635
160.162 1229.829
116.442 453.191
30.8738 1237.111
31.7943 1285.114
66.3476 1228.953
51.9639 1263.264
84.2402 447.048
184.354 494.335
0.442937 263.694
106.456 526.145
128.921 505.739
1317.61 39.763
138.977 489.200
8.15947 489.561
13.4541 514.017
101.57 487.625
45.5372 486.737
19.6648 1258.505
171.415 1092.400
27.7652 490.695
179.018 833.117
26.0724 450.932
19.7988 479.827
15.2887 565.452
57.8593 496.836
48.3063 1222.481
222.542 720.293
52.5603 1244.095
130.138 493.722
103.014 303.276
57.3588 1269.896
10.3407 1313.079
62.6557 500.258
4.7852 1069.095
51.2455 490.639
65.4328 1240.274
38.4718 501.380
4.99726 936.501
34.5708 496.163
38.1642 496.272
52.126 1230.189
13.1052 481.276
131.944 494.562
13.9024 531.809
156.741 1222.373
151.298 1229.503
1.57605 1200.575
30.0987 503.447
7.4919 428.730
12.577 501.723
105.367 1241.994
43.8602 496.188
69.0733 1232.935
18.2488 510.914
9.24891 487.460
12.6746 525.272
102.784 491.330
45.4366 497.222
165.72 1196.212
13.8408 500.636
5.59648 536.366
180.774 494.017
17.961 493.808
19.8463 513.401
57.9342 488.769
11.959 480.523
15.516 540.756
12.9108 474.045
17.9315 482.829
72.323 1237.295
23.0372 1202.378
22.324 1236.623
8.99092 1267.073
67.3003 1235.870
47.452 793.417
4.48615 1338.896
0.979029 477.208
980.498 226.567
92.176 490.721
39.0348 1248.023
239.031 455.050
86.766 1095.210
36.012 1222.648
30.2879 641.261
5.18798 4818.716
40.63 1210.593
427.907 1229.673
244.226 656.340
18.3509 641.582
51.7147 41.331
244.283 656.188
12.2359 5977.071
7.00669 1350.252
4.88927 1433.343
60.1274 498.624
4.92712 460.809
25.2278 494.674
158.235 1232.920
19.7641 1255.632
75.3047 1240.728
36.0028 1260.359
45.4691 1243.981
160.447 1234.148
4.94274 1118.323
169.166 1234.252
11.9149 1193.255
9.21092 1349.215
226.984 706.197
42.5396 1243.498
94.7865 1234.837
197.214 397.205
7.44845 1198.000
251.471 401.188
73.2051 1178.836
61.001 1215.409
4.35429 1416.313
77.6459 1236.395
2.60006 1280.276
43.036 1221.169
159.516 1226.107
56.4293 1234.022
9.75605 1245.819
30.0223 1212.546
22.6878 1127.642
50.2967 1199.833
31.5536 1243.299
3.68265 1389.175
27.4449 1292.385
160.169 1215.183
160.578 1231.774
22.988 500.534
472.101 1228.634
49.0426 1239.735
246.227 493.122
65.3121 1240.096
7.4737 1316.607
1.72115 841.484
1.74425 609.363
138.879 494.169
33.9629 1116.955
269.613 492.476
52.4888 497.064
5.49607 539.789
172.838 1145.205
65.0336 1218.198
1228.91 109.796
123.793 493.814
114.839 494.906
50.3881 1248.950
258.631 1234.757
151.781 490.005
2.45712 1216.905
67.8036 1216.933
411.916 1229.972
73.1999 1245.996
14.408 1363.531
157.844 1233.314
263.238 493.391
1.22414 362.574
12.6989 1343.087
140.92 1232.704
16.7154 497.515
180.334 1087.467
59.1955 1240.515
1571.14 108.902
53.0349 1232.728
69.6547 1239.906
54.0753 1238.835
239.115 492.127
1.58201 1011.472
42.3427 500.479
32.6532 1230.553
46.1374 1166.238
0.637903 238.030
158.908 1226.045
511.115 134.769
347.257 492.886
39.1826 1259.484
93.7261 1239.065
2.56021 1245.458
23.3181 1198.372
167.76 1178.635
17.1699 1296.277
16.7033 1271.810
10.262 1108.832
132.185 493.660
213.838 493.297
150.755 493.339
53.3325 1258.848
24.7545 797.872
164.287 1224.443
39.9685 1247.022
3645.84 26.273
157.017 1234.154
45.7579 652.912
89.082 490.541
59.6569 1237.921
1.89308 1239.896
99.7864 1230.377
1314.76 176.387
0.637109 238.327
32.8577 653.357
26.4378 501.174
67.1615 1234.538
51.7431 1224.136
105.367 495.989
81.1102 730.596
11.2768 1302.418
6.20307 5835.072
13.1742 1216.753
48.5151 1258.639
4.69784 1308.399
6.90892 5922.099
35.2925 1267.886
8.88047 1202.407
188.861 1023.529
5.37057 579.656
332.504 492.857
89.4333 1234.217
6.47776 1310.196
25.7386 1210.275
4.43795 1503.453
24.2363 1286.959
25.7998 1239.322
73.9297 1233.288
219.614 492.538
140.677 493.540
34.3625 1262.520
22.5144 1284.227
166.538 1232.317
165.25 407.283
23.9713 1273.285
68.1486 1245.625
157.257 1231.454
73.3877 1240.192
153.702 492.423
90.2434 1243.439
17.8126 668.410
10.0941 1229.421
143.12 1230.459
0.756319 277.978
158.81 495.260
51.315 1248.834
74.9827 1133.855
190.437 493.819
7.5942 1195.085
175.91 490.845
31.8738 1256.338
3.42998 1334.865
6.19859 1252.328
11.1433 1239.540
26.5104 1271.539
15.821 1228.722
7.74974 841.550
11.2873 1231.875
86.5445 494.989
17.0936 1293.014
132.537 1237.628
61.5829 500.077
33.9174 497.623
157.753 1230.492
52.4428 1229.934
9.61915 1370.915
77.5171 1241.532
53.8201 1249.482
46.2639 1205.574
57.563 498.856
2.58227 1152.895
381.213 492.338
39.0267 1244.796
162.716 1235.474
61.1778 1226.755
1004.46 491.502
54.6139 652.757
100.331 1232.944
162.374 1231.519
231.68 494.131
3.83815 496.031
62.1575 1232.247
134.105 493.708
152.224 489.994
34.1424 1269.901
182.892 490.902
393.618 492.098
28.9009 395.034
8.06335 241.519
100.424 1240.764
144.396 1233.859
145.975 1227.273
2.55911 1533.534
79.9332 204.494
140.608 493.234
52.0802 1250.980
10.6629 1333.081
33.8451 1258.890
96.7376 1220.675
325.242 492.138
3.61166 1469.039
3.08351 1314.399
5.59853 1181.115
87.6914 1234.225
122.243 495.059
161.5 1230.966
178.923 343.979
107.599 1228.819
149.469 1168.287
69.5783 1232.932
0.411198 2925.702
0.68666 969.564
9.75104 1182.746
6.93797 442.758
251.93 492.872
26.0689 1244.155
8.13767 516.708
9.22376 501.453
6.57143 474.563
11.5649 1326.751
114.296 1230.733
13.6999 1268.236
3.93667 528.122
10.4942 510.036
57.3555 1261.096
7.85275 1164.983
122.277 1226.421
6.59 1274.342
57.422 1246.262
0.164489 505.812
28.5356 1257.444
20.0775 1285.570
32.3016 1234.064
33.7219 902.881
81.7173 668.063
29.7879 1249.757
155.234 1225.805
34.4004 1236.446
177.109 490.492
110.799 1224.775
39.6021 493.387
15.1899 481.319
87.2451 1146.005
18.2129 1220.181
75.8786 1003.058
32.7813 1255.917
151.585 1235.711
10.0711 1257.889
117.398 1230.932
6.62686 479.851
77.507 978.093
35.103 981.714
3.95525 1102.228
72.6099 1229.856
16.5873 1279.344
8.3669 1375.532
21.4775 867.869
180.293 1000.941
23.7676 1229.189
138.08 1210.293
18.1266 1260.372
11.839 1261.822
11.0494 1268.150
303.134 492.383
6.16984 1249.433
50.4689 1240.109
19.94 1199.680
160.221 1241.523
129.69 1238.579
113.018 1227.951
101.306 494.846
75.353 1193.802
75.8819 459.902
111.453 1239.948
202.533 1227.284
22.033 1280.995
79.0408 89.254
8.92769 1298.084
10.5656 1250.978
68.4089 941.708
41.366 1247.671
98.4064 681.885
135.738 492.304
16.9453 510.066
59.763 89.902
31.4191 1250.591
168.49 991.591
77.5355 493.312
57.9314 1223.372
41.5935 1249.197
67.1822 1230.541
164.218 1237.543
151.197 1232.836
4.65564 381.336
162.378 497.698
151.147 1229.700
150.602 1233.205
29.1435 1262.346
28.4904 1285.399
106.238 1155.729
8.17844 1208.716
85.8695 1230.274
15.2362 1285.781
13.1552 1284.425
129.736 1223.054
7.91812 503.008
81.234 82.028
82.3337 1141.157
104.853 828.099
118.113 494.374
10.9513 1294.258
28.7736 1210.701
180.125 662.899
5.0623 1428.223
52.5743 1235.937
78.7868 491.882
10.3431 1350.471
94.6846 1236.675
9.6572 1178.442
215.563 482.338
85.6034 1155.746
30.4577 1243.275
11.1054 1036.630
57.4031 652.582
24.5279 946.665
5.02352 1364.813
2.72517 1354.367
10.4726 1079.461
38.1542 1218.771
8.09935 1335.741
14.8624 1215.952
21.8066 1250.674
24.0481 1251.514
5.17091 515.004
2.23604 558.917
47.5716 1249.454
12.2332 500.544
6.17544 1409.092
12.2594 456.316
15.5868 476.778
2.94594 1471.937
147.185 1231.301
28.867 493.814
153.226 1236.441
40.0106 488.812
162.498 1230.003
19.718 483.360
7.23751 101.670
2.65294 1362.561
78.3847 1101.456
4.01669 1128.990
135.051 493.333
15.6743 1232.367
113.905 493.501
9.18489 568.429
2.7035 661.009
66.6677 1000.781
74.1952 468.062
175.355 497.681
160.214 1238.293
147.703 1230.916
85.1757 1227.549
42.6794 956.834
181.003 493.122
11.4337 547.548
174.378 494.362
20.4623 496.891
133.637 1222.134
102.303 111.873
72.8054 1230.060
67.4917 1240.975
96.9965 70.728
3.01517 946.844
45.9392 502.048
179.692 494.341
126.194 664.725
32.8566 506.727
10.9138 481.864
6.2036 517.764
202.035 493.541
170.75 1233.541
34.4043 1224.572
75.762 1233.842
140.574 1170.470
140.486 195.365
135.897 212.959
199.788 639.466
173.345 494.595
311.969 492.777
235.533 492.593
267.467 491.197
24.2312 1234.700
12.3429 1327.135
152.943 1232.154
190.82 492.677
12.1741 481.868
107.918 302.446
71.4799 1233.854
137.752 491.943
159.631 1229.978
162.74 1222.012
21.5047 1256.144
181.712 493.774
192.612 494.245
60.6381 1240.970
85.8143 1220.108
24.5675 632.308
67.9923 1228.897
116.613 489.822
15.1739 1276.665
114.657 1233.347
74.8143 635.200
91.139 1238.312
92.3714 1226.866
73.0387 1238.496
15.2235 1269.893
26.2809 1289.980
26.6337 1231.791
106.66 299.353
17.1759 512.909
29.0221 1232.832
141.046 1230.751
53.3111 505.006
156.38 1233.563
100.757 501.811
12.8891 1197.982
134.348 1230.869
53.2511 1228.189
30.5461 1274.083
139.347 1233.980
92.3985 1240.033
10.7156 1281.028
26.0476 1247.231
15.6252 1236.571
119.784 149.413
118.585 1236.728
58.4203 1248.233
199.633 491.674
23.5853 501.363
155.24 121.148
24.2755 374.387
74.3529 1226.595
4.82068 1228.408
46.0425 1226.175
32.9674 1224.770
103.937 1225.836
205.023 463.092
58.995 1224.488
78.3234 1235.885
64.8539 1241.091
117.703 1230.122
70.0947 1245.017
29.8806 1252.393
34.8796 1236.689
14.8124 1248.388
25.0144 1251.958
39.6663 1271.278
29.5153 1251.607
55.2779 1246.490
53.121 1243.694
15.7649 1235.397
4.56931 1418.382
142.094 1234.942
18.0237 507.295
72.2291 1240.036
13.7325 1302.090
133.625 497.275
38.4971 1263.306
173.135 492.614
10.82 1244.130
9.20594 2866.165
233.557 494.478
2.37533 477.927
12.341 365.138
9.54028 57.068
63.3149 1244.420
26.2128 495.296
60.9573 1236.387
351.569 492.671
45.255 1247.766
89.2787 1237.737
5.40987 1246.210
2.44288 1563.468
10.0487 1397.541
18.3271 1288.353
76.2599 1256.834
109.415 1233.926
56.8184 1225.711
72.723 1237.691
27.4481 502.739
9.8803 1264.155
81.0947 496.592
65.4335 1239.599
134.291 494.812
65.7408 1222.341
9.80523 1371.617
65.3409 1250.451
9.76851 462.756
38.5515 1229.054
77.1446 1229.473
50.3947 1239.536
133.06 489.357
39.7348 1264.569
181.56 491.510
25.0545 1220.467
73.6954 1233.181
21.3559 1247.202
117.845 1231.927
59.0176 1244.848
17.7808 1282.553
38.4997 1247.794
85.3071 1234.011
56.6798 1029.867
32.136 350.375
21.2377 1265.769
22.5779 1211.549
21.089 1262.439
68.7969 1231.021
124.386 494.704
55.0934 496.649
39.6549 1250.672
135.011 492.170
19.8183 1221.939
100.188 1243.195
52.2337 1259.197
39.5965 1259.328
137.265 1231.454
119.442 495.366
45.047 1255.167
8.43719 1356.808
76.3631 1242.207
64.809 1226.079
63.6248 1234.829
55.9827 1237.035
122.39 1232.858
132.672 1230.720
52.5132 1231.401
15.6752 1217.695
2.52548 1270.169
61.7383 1240.237
25.2887 1014.053
5.72803 1336.122
83.7765 497.614
18.0378 1276.678
0.510821 251.517
0.646609 216.762
66.8724 1162.664
50.3023 1227.028
27.8775 505.798
22.2377 1258.274
32.3842 355.202
88.927 497.698
16.8952 1206.110
68.2266 1157.023
67.8312 818.228
23.897 860.498
35.3699 1204.051
95.683 818.710
177.501 490.763
7.41124 1073.245
164.22 1230.010
66.4279 1020.174
16.4557 1270.253
3.73263 1554.274
115.254 656.245
62.5888 1241.737
51.1852 498.469
24.5405 1292.016
161.35 1224.465
28.784 486.884
96.0354 1150.777
10.0528 1264.516
55.5826 1220.331
11.1021 1342.077
7.51211 1245.814
11.8688 1339.778
18.1329 1303.503
24.3175 496.519
52.1867 1248.052
17.1818 1220.133
66.4345 1236.968
72.6805 1238.876
93.1894 494.853
55.6837 995.014
3.76211 1608.205
19.8148 1251.292
177.45 490.775
136.028 489.962
24.7396 1254.159
68.5376 1075.870
37.0752 1243.038
134.067 492.110
78.4336 1239.727
54.8546 1225.390
49.0389 1218.997
55.9876 1233.029
56.7533 1230.634
55.7767 1235.462
70.876 1246.770
375.299 492.413
91.4833 1235.568
72.9107 1238.822
55.1407 992.977
65.9648 1226.233
233.591 492.021
17.5103 1269.470
1.74559 1614.031
38.654 1226.609
98.2191 1233.883
43.0091 1249.935
21.5262 501.872
187.32 493.263
18.2664 1244.458
286.632 600.302
43.487 600.418
103.878 1232.827
48.7705 1221.779
2.85386 1013.532
12.7908 1026.385
6.27556 1475.415
168.685 492.441
102.869 1227.887
48.1765 1221.217
7.38707 1218.190
46.1057 1253.876
50.6568 1225.521
67.6997 1239.647
45.0427 1222.667
40.5883 1239.406
24.2633 1238.058
36.819 1225.723
42.5045 1234.915
51.893 1220.694
119.191 1225.785
8.89633 1175.076
115.994 1234.052
38.5567 1215.055
72.1233 1032.340
52.066 1242.448
32.7563 1250.130
54.4103 1245.437
63.055 1229.859
51.3721 1235.995
19.0267 1120.415
24.864 489.028
10.1859 1200.645
51.0948 1248.714
23.5084 1243.596
11.5627 1286.309
180.841 490.260
20.8158 1246.146
35.7508 90.824
16.6784 1253.044
2.89266 658.163
47.735 1154.859
4.98739 1300.347
15.4825 1110.045
17.0122 1209.520
11.6965 1218.945
116.198 1232.083
14.9813 1229.960
414.006 492.067
111.825 1015.266
10.7222 186.231
3.41677 563.105
93.387 1224.812
144.871 495.001
11.3786 1208.405
210.916 342.377
78.111 1236.182
33.7422 1246.133
19.5936 1256.164
29.7325 1236.635
10.5858 1279.191
54.8352 1240.739
56.416 1225.561
6.85903 1343.964
162.483 495.026
153.921 1236.103
39.2532 1267.704
21.9439 480.987
45.8652 1235.251
67.4945 1241.923
12.0037 1226.017
75.4453 1226.187
49.6247 1227.995
12.9583 1318.988
73.7248 488.583
21.1711 1254.222
64.587 1238.745
83.0092 1233.688
13.4644 1295.958
76.2016 1242.847
112.936 1227.527
185.395 494.445
21.8234 1280.609
51.7304 1253.697
2.7077 1337.223
1.53734 1291.581
77.6982 1250.101
96.7627 1225.590
63.8468 1241.609
11.6434 1324.726
39.5343 800.525
33.9975 1249.738
5.28825 1172.064
21.7834 1247.414
44.8275 507.251
79.3959 1219.119
15.4154 1199.187
44.4012 499.717
153.426 490.470
20.6412 1297.411
41.218 503.709
167.496 493.063
32.8362 1216.057
84.3876 1229.913
3.02129 622.410
18.5409 1200.486
12.8153 1295.888
274.303 1231.922
6.63479 1208.839
58.0199 1225.104
23.936 1234.506
48.5691 1232.893
202.958 490.062
235.398 1234.375
94.4452 497.740
10.7673 961.934
54.3386 1261.721
5.55055 1220.665
23.1152 1250.603
185.591 492.579
12.4659 527.777
16.991 1267.338
78.1454 1232.087
68.031 1231.461
91.8507 1233.998
16.1382 503.729
39.5105 491.219
5.53685 1202.416
123.357 492.863
166.141 1222.423
181.984 491.470
59.8764 1226.067
180.427 502.179
44.8058 1245.677
10.1696 1330.245
192.864 495.255
237.553 492.903
113.466 1238.728
45.2166 678.283
82.7288 1244.342
4.13775 1130.109
76.302 495.614
110.08 1236.594
5.68458 537.977
40.5574 496.030
49.5122 1234.336
160.063 1226.777
18.051 1210.142
23.261 1244.863
111.428 494.432
72.8563 1224.940
10.908 1246.460
68.4509 1227.457
63.5032 1242.483
396.802 473.566
5.88288 1292.511
50.069 1217.099
134.725 490.302
29.8074 1222.973
63.422 1237.518
115.524 780.365
29.5505 1255.291
117.316 1220.342
16.8084 1230.715
264.99 491.876
5.23391 1500.432
15.0157 1200.160
158.599 1237.821
78.9962 1220.048
50.8877 1225.140
15.8254 1227.191
413.699 472.592
8.00395 1133.462
133.467 784.312
103.416 1232.207
216.339 491.882
4.36418 554.001
164.1 1235.420
19.9638 1225.420
2.68591 1488.824
58.3326 1246.159
64.2476 1226.924
140.353 494.499
147.693 491.301
69.6977 1245.147
25.1862 1236.652
79.0254 1253.381
24.9842 1232.720
100.741 784.197
48.1986 1238.235
30.7762 1242.996
48.7037 1235.379
33.5058 1213.136
62.6368 1245.397
29.9538 1223.457
19.018 633.809
46.2813 1251.186
138.296 1226.617
51.4944 1245.756
23.027 1206.286
72.9863 618.451
40.8844 1229.836
9.76462 1371.217
141.057 492.523
424.029 450.139
61.3068 1237.518
172.979 1233.598
104.307 1240.655
3.99878 1370.637
33.1 1232.333
17.5882 1257.384
62.1778 1204.706
62.0383 1239.643
64.697 1225.292
13.234 1311.349
54.5131 1227.402
38.1637 500.777
3.14028 1432.120
100.439 1231.443
21.9823 1241.720
44.5822 1270.799
92.0165 1211.333
153.131 1226.471
65.2658 1251.612
48.8922 1215.326
48.1543 1260.805
106.715 496.164
49.3482 1241.417
38.7041 1219.800
403.15 471.729
98.017 1224.116
117.112 493.590
9.50811 520.226
59.2009 1230.382
33.0485 1227.458
71.8196 1235.440
53.8707 726.923
31.753 1210.428
129.507 1234.726
180.362 494.216
185.666 493.907
33.4892 492.115
20.3334 1202.706
51.5034 1252.416
15.2961 702.462
13.2776 1225.690
1.31017 1350.844
49.3828 1080.364
19.712 622.819
29.7327 505.362
23.5998 1229.384
71.0715 1239.530
0.175007 529.533
6.39074 1218.831
89.4412 626.730
39.9441 806.842
229.145 326.627
122.879 488.739
24.3873 1290.980
370.004 499.402
33.5388 564.868
272.972 546.343
3.89308 1176.834
7.96365 1190.932
5.71455 451.357
31.6238 498.781
55.6058 488.248
7.86622 1266.935
48.5053 1255.502
152.862 491.846
51.7805 1244.386
4.75134 1150.384
11.9132 858.135
189.79 491.852
106.064 1253.972
10.4774 489.389
6.57818 1291.411
35.5776 1222.301
43.3627 1526.251
17.6025 505.788
71.1342 1245.016
140.238 330.970
28.9721 931.642
99.2342 1231.738
41.1314 651.354
60.6709 1237.326
54.4261 1480.792
87.1406 1234.405
23.2864 1268.426
46.0115 488.802
248.302 492.757
22.4406 517.882
15.952 1276.371
14.6379 1228.373
14.6744 1307.253
17.222 1280.959
46.2951 1186.691
23.5266 472.309
6.90757 1231.433
17.8196 1257.035
2.64725 1332.844
12.1622 1230.044
27.7212 1240.817
7.85838 1377.144
17.9873 1234.596
16.4756 1274.397
14.1169 6099.828
372.443 512.218
8.81396 1333.119
38.7775 1270.270
19.3607 1224.277
18.7694 1254.945
117.323 496.158
42.1624 768.543
38.4557 1236.550
37.703 1258.003
16.088 1168.416
17.5218 1229.896
79.4202 1240.169
2.69468 1122.627
179.679 492.684
105.917 491.256
13.478 1292.432
9.14976 1222.922
13.4955 1206.779
163.847 490.903
97.8317 1225.855
103.973 1229.448
13.3795 1253.992
22.5677 1180.827
68.9338 1216.163
266.332 492.114
21.6719 1223.140
40.7608 1233.786
326.412 515.005
32.5265 1213.359
67.3131 1206.262
18.0009 1261.155
35.4404 1232.308
3.84161 1055.017
14.679 1229.498
33.6222 1241.193
27.7897 500.349
140.97 493.905
80.0002 1239.073
22.1323 1259.959
354.497 491.329
17.9677 1279.874
5.49194 527.435
58.286 1226.339
64.6492 1237.555
49.1738 1247.593
2.06247 1454.691
3.53537 1367.853
11.1234 1319.957
16.7277 1278.499
26.6012 495.297
197.418 493.775
198.318 802.879
19.6047 1241.678
64.2685 499.547
49.8184 1211.274
7.91407 1255.036
140.359 1232.106
94.7998 490.003
22.6104 501.810
30.5044 1260.788
24.7585 1272.543
63.0351 1230.232
114.547 1240.718
186.85 490.533
24.9706 1316.852
9.7046 687.549
20.0431 1246.618
81.2 1236.569
49.2106 492.258
2.73747 1237.348
27.9616 1229.529
32.4711 500.270
71.5903 1225.909
54.7696 1231.552
44.8645 1234.890
69.9431 1245.527
7.02174 1318.392
40.4714 490.879
78.2872 1240.696
2.16483 711.683
72.475 1239.225
15.898 1261.244
59.779 1221.101
130.876 732.503
16.8906 1222.141
14.4843 1227.638
47.6025 1233.182
16.2476 1235.966
29.4226 1252.043
41.7365 1260.244
27.9864 490.904
73.3173 40.448
46.2534 1247.606
23.4121 1233.851
7.80625 1347.764
62.0772 1201.488
14.4756 1193.816
3.1907 1270.240
2.09554 345.573
51.4382 1262.969
11.5791 1209.825
42.6235 403.523
42.0237 606.011
42.1861 408.693
43.2041 1204.512
78.4215 1234.416
19.5308 1286.816
31.0716 629.450
142.213 1228.169
15.6326 1181.358
13.9777 1251.105
13.9163 1237.912
64.5845 760.048
10.4105 1238.908
48.773 1230.789
10.8181 1213.168
26.7367 1272.773
21.0462 464.629
7.05809 1260.860
104.208 1237.540
8.33863 1300.446
133.034 493.511
62.4655 1248.079
75.9107 494.134
4.51204 914.520
68.7404 567.664
35.3699 1222.392
167.649 492.614
43.4228 1238.776
76.7358 1227.765
159.127 1231.637
30.3008 764.085
41.0204 1256.885
0.877205 1452.614
9.63672 1086.454
65.7443 1216.280
12.8411 1270.183
47.1703 788.144
98.7651 491.659
9.85745 1292.657
56.9305 1240.420
39.3738 491.206
10.6454 1196.975
37.4586 493.339
50.154 1241.313
48.3046 1199.746
2.83066 680.830
201.014 494.800
50.2098 1216.988
54.9251 486.624
28.7351 1215.353
48.7635 1240.597
8.43703 1357.505
44.9039 500.400
13.5066 1198.869
58.7191 1234.172
157.32 1230.055
7.80256 1204.462
45.8744 1250.278
189.956 491.976
32.0814 1158.564
31.4246 1253.360
33.6928 1234.671
54.2258 626.412
179.605 492.937
40.3776 1196.052
186.046 491.497
158.487 495.507
130.61 1228.082
21.2615 494.060
185.191 1229.128
74.9142 5.257
48.093 1222.984
117.314 1226.659
218.81 492.206
49.3008 1239.201
14.4671 1274.367
12.5196 490.962
19.4171 1264.330
117.814 324.187
184.252 1235.390
111.109 538.817
3.24927 668.605
163.807 491.097
58.2814 1244.001
181.371 493.387
13.5706 477.036
63.1719 1251.343
21.0621 1239.787
77.8175 1225.261
6.75462 1300.215
86.2134 1242.563
99.3905 1220.559
5.45052 521.445
27.9308 491.506
10.3199 1302.987
194.329 491.582
54.7581 1235.564
11.3954 1303.007
61.4311 520.768
71.7189 491.001
29.9707 1215.644
65.8998 1232.131
55.266 493.582
5.7918 560.627
69.9532 489.917
30.6012 1206.599
116.945 490.429
64.6695 1245.507
1.87544 354.989
101.369 492.332
206.77 490.290
15.9387 1231.094
69.5445 1243.714
17.6067 491.736
287.099 492.175
84.9735 1229.534
39.0294 1238.520
46.6739 491.992
181.016 492.429
5.15494 1362.917
17.6532 1216.186
21.9827 1245.617
62.7465 1222.856
121.456 494.406
13.6222 1292.278
109.648 1223.163
19.3125 1225.397
61.3789 1225.797
117.73 492.568
44.8159 1231.682
42.1534 1238.331
38.3606 504.660
25.9086 1211.192
181.083 490.632
15.2002 486.582
58.0636 1215.417
14.4685 1349.377
87.1799 1235.171
93.5094 1230.948
32.6738 1255.174
39.3377 500.488
31.2274 1221.436
12.7487 1172.237
3.12018 1378.235
62.019 1245.486
41.3706 491.259
39.5123 1235.705
43.5384 1220.991
66.4639 1237.384
389.548 493.071
43.9175 1249.400
18.8981 1276.319
30.9169 1233.540
9.8227 1371.312
187.139 491.278
15.2052 1163.613
170.454 494.548
43.7998 1239.011
93.7479 1227.160
83.8579 1231.717
1.83826 1436.765
25.9102 1194.879
29.7434 1240.310
9.35677 711.528
48.4341 1215.380
104.098 481.162
82.6277 1235.134
172.22 493.244
51.6017 1252.119
6.95388 1418.467
60.8507 1212.873
62.0955 1230.167
48.5949 1245.463
9.74385 1209.214
93.1619 1233.663
5.81638 503.626
43.6211 486.856
68.0231 1239.654
67.9221 1218.286
4.51824 1483.382
31.1016 1228.424
6.42399 1328.101
206.848 492.046
124.703 1238.520
57.6132 1227.756
186.782 492.520
50.0493 1201.186
43.3783 1259.230
146.379 1215.314
10.5461 1175.469
43.5969 1236.403
153.886 490.657
12.9026 1262.234
67.104 368.307
44.4124 490.965
101.824 770.682
53.0491 1241.705
296.03 1226.714
68.9848 1222.607
1.8952 770.368
7.25837 1275.039
8.76311 1148.926
8.11831 493.482
28.6562 1225.299
59.3562 538.854
62.4537 742.308
29.124 546.222
38.8195 1235.817
172.988 494.187
54.3017 500.968
8.78495 504.236
42.3199 461.006
16.5123 1255.945
23.6943 511.229
22.9263 495.227
78.0208 777.428
12.5392 1318.360
20.3828 495.818
56.4087 1174.071
40.6542 1241.641
2.20112 360.835
32.0691 500.793
6.323 1253.685
18.7156 1177.747
88.238 1228.411
67.4724 1223.753
1.53271 1181.178
3.52204 1197.171
3.36398 1373.289
116.248 1246.058
150.741 493.035
67.3228 491.306
255.096 494.056
3.87018 1174.745
31.2097 1258.368
10.4865 1305.511
101.843 494.900
24.4537 1229.017
45.5429 1246.242
9.57868 1333.588
1.43468 395.641
12.1301 553.665
31.7759 1244.087
17.2831 1251.562
51.6181 1221.540
8.46159 483.124
159.478 1228.415
81.6727 492.600
14.816 491.923
18.1712 1306.076
33.9596 1225.369
19.6327 501.426
197.022 493.307
10.9219 1191.352
143.557 493.156
45.1516 947.942
14.552 1159.455
1.95073 532.888
22.3062 509.145
8.65432 5959.947
14.7383 1245.734
19.2227 1210.476
16.8788 1234.132
206.907 490.181
140.321 489.089
10.5751 557.762
70.8726 773.002
1.12619 1684.996
89.3398 1242.419
16.9532 1257.577
21.7779 1252.909
23.8005 726.662
18.4209 564.902
10.177 516.765
2.35129 798.117
91.5323 492.769
40.5916 496.830
17.1994 515.603
163.082 491.967
381.479 492.704
4.41244 963.000
26.2878 505.346
38.5109 1205.507
33.7853 493.991
39.2575 1212.569
3.87883 1264.471
17.2121 1216.679
54.621 1199.553
18.3441 1074.861
25.0296 1219.240
94.8511 1242.391
88.2894 496.991
11.7826 469.573
16.2724 1207.707
65.6962 495.630
6.98121 503.592
64.0588 1218.679
1.89314 283.803
12.6215 1142.251
15.1906 1286.726
6.53264 1419.628
30.7067 1203.793
21.3021 1236.481
30.4709 501.431
35.4655 499.600
64.5156 494.905
187.359 492.750
201.381 493.730
29.8076 495.393
16.3105 515.671
61.2144 1231.429
107.728 496.067
105.138 1189.428
15.6508 1263.968
124.282 496.744
6.34699 1306.572
97.1658 1178.905
5.49348 1217.517
135.158 491.542
89.3146 491.286
515.411 1230.359
58.7278 1233.026
41.0547 495.669
57.5849 1253.299
24.2308 502.781
107.872 740.085
1.81511 1454.283
77.2468 1234.342
62.7498 496.008
40.543 1260.627
79.3464 1244.083
8.73782 1373.149
6.78339 511.391
54.8341 1240.098
41.8317 1240.321
14.1333 1219.338
30.5069 1288.284
156.703 493.188
61.7735 1238.691
19.1474 1235.325
79.0408 1226.287
35.2077 1173.737
1.86944 68.162
50.1604 486.703
98.6224 494.341
32.9814 490.838
27.8806 1188.920
62.7642 1246.135
7.78042 516.415
91.2247 1178.456
168.92 493.577
23.2884 1267.611
31.1966 487.963
39.993 1226.696
98.0188 489.354
44.7976 1240.407
120.316 590.036
26.334 1234.315
18.0597 1293.484
56.1803 1203.862
36.2777 1240.547
36.051 1232.329
9.03711 1203.597
118.148 1236.048
112.613 493.000
143.893 1228.559
57.049 653.377
15.6907 1258.856
4.31925 522.498
87.8566 491.135
10.8158 1163.542
5.94107 538.677
105.176 493.961
56.8799 631.592
53.1379 489.015
12.7251 1134.220
5.83968 1478.663
74.814 1233.878
83.1893 1192.351
15.9949 1235.958
8.57274 1251.213
21.1478 1268.454
149.521 1227.058
115.391 491.061
11.8099 1206.931
20.6265 519.683
6.72874 1373.384
115.876 619.401
40.7633 1242.692
3.45554 1364.387
82.7015 1139.326
16.0763 223.375
6.55243 1143.061
20.4427 493.648
7.66221 1261.035
15.5758 208.984
7.50313 1273.759
89.9028 1239.813
5.23148 1406.004
9.60012 1362.958
26.682 393.873
10.9121 1295.936
101.707 776.894
82.4995 1081.990
111.085 493.971
171.141 494.517
14.2876 1284.775
43.4353 492.857
20.5992 1247.947
4.11037 1352.080
13.4276 518.317
11.9022 1220.349
38.8309 1212.344
81.9868 1213.981
16.2037 1284.184
8.88437 1211.141
133.189 497.102
31.7413 1227.909
163.291 489.742
169.031 493.304
7.6319 1249.899
2.17671 1368.304
80.8983 492.301
175.602 1209.426
2.68165 1454.745
26.5374 1274.758
10.1154 1299.475
65.8649 1203.921
20.8329 1250.421
68.0526 472.012
2.70487 1183.169
66.3623 1241.448
16.6622 1254.535
166.766 783.958
22.8021 1253.295
167.473 490.660
22.5327 497.198
23.1919 713.419
9.8208 1142.146
72.2494 776.464
77.1869 1235.752
21.756 1209.857
25.7635 494.054
10.6349 1219.928
9.06502 1379.400
31.646 1226.991
146.189 494.238
9.57614 1261.277
34.7882 1242.931
84.1728 493.835
29.527 505.140
41.3205 1226.553
34.5352 1219.496
100.595 498.606
84.0811 1237.897
1.88514 1520.523
28.5933 1253.070
242.307 622.564
61.358 1246.321
1.31664 1732.260
138.661 1220.138
93.1102 1222.058
4.98112 513.915
114.446 1236.063
59.0615 1237.464
48.8289 1238.942
86.3712 1228.406
2.79189 1434.606
197 492.816
34.1092 1225.578
23.8681 1125.888
18.7662 493.717
17.2341 507.474
22.2295 1223.594
41.0324 1243.725
79.1007 1216.164
6.50429 1451.410
285.455 492.293
100.951 1235.476
26.0295 1211.999
137.114 1234.409
35.635 1272.449
14.9295 1259.546
9.12361 1220.064
137.348 1229.792
66.6733 1215.914
66.1702 1225.906
11.5243 1318.997
55.4783 1238.736
10.6351 552.419
53.8165 1243.547
150.875 492.947
130.663 1230.638
97.6952 1225.391
97.3844 1192.315
135.791 492.521
92.7449 493.640
13.451 1308.661
233.79 492.345
58.0372 1120.955
55.026 499.127
19.8344 1176.948
32.0511 1211.484
51.6104 1261.003
61.4434 492.154
4.37779 1215.236
53.4207 501.702
95.5116 489.922
96.9064 493.840
2.81438 589.317
114.269 1229.008
100.836 1067.345
21.0129 1214.602
3.9746 990.933
13.7057 1194.258
14.3355 1214.729
8.20155 511.619
37.4774 497.639
201.589 381.650
48.1205 1221.343
93.4836 1228.488
11.6644 1188.476
214.443 374.202
21.2117 1245.640
44.0118 1221.999
11.4226 1325.200
61.4776 1217.189
18.1224 1240.702
6.06484 1284.279
16.3184 1320.600
153.908 491.764
16.5826 1226.193
50.8668 484.878
67.9511 1189.334
69.8478 487.999
73.0899 1244.516
45.854 1221.048
8.52422 1281.370
1.79475 1690.916
148.97 491.047
69.5431 494.861
2.31103 1313.960
9.18253 1129.495
10.6036 1285.328
10.8514 1262.138
12.0758 1181.319
17.9555 890.827
88.8323 1235.271
82.1875 491.715
60.299 1242.570
11.2918 1167.471
16.7275 1215.134
7.74391 1212.027
26.5648 1212.775
15.354 1230.188
138.14 493.802
40.3181 1234.716
279.116 494.065
10.2343 1197.869
17.0692 1229.727
14.3746 1231.073
5.41364 1324.808
561.92 39.057
58.9588 1244.504
8.38008 1363.614
11.5531 28.307
24.7477 1197.752
275.44 493.123
20.8908 478.587
125.92 490.956
4.68701 508.128
68.7768 490.517
270.928 492.298
51.7231 1246.505
94.9869 1229.236
20.4943 1316.208
68.3685 1201.486
31.7518 1230.387
16.3244 1217.674
24.7211 1222.711
15.3912 1205.518
11.5135 1208.593
15.6887 734.767
5.18931 1187.064
17.897 483.759
562.118 125.936
22.3489 1249.809
26.4678 1245.658
25.9899 1249.105
2.36329 1275.106
11.891 1235.708
1.86619 287.902
47.8977 1164.509
45.6237 1188.901
42.5558 1245.354
74.738 488.579
179.595 490.599
17.217 1219.853
12.8947 1265.784
19.2364 510.032
141.279 492.849
18.9548 1220.538
29.3024 1237.916
39.5837 1246.722
49.9278 1240.595
86.8278 1224.044
3.15666 928.729
25.6065 502.008
6.9914 1281.041
37.2775 1248.097
75.2759 495.187
21.3722 469.140
41.5219 493.214
1.0961 545.441
107.676 1243.061
27.9889 1229.369
67.7628 1231.490
14.4933 1292.645
66.3221 493.789
69.6601 1194.442
15.7257 1303.614
25.6973 490.945
76.5076 1175.408
21.0477 1213.785
14.2421 1031.078
95.4001 496.836
21.0618 1274.689
81.0367 1243.390
52.4159 1238.882
138.623 491.995
39.9729 1248.930
20.2007 1279.094
42.6311 1224.137
116.098 1229.275
91.8595 1243.509
18.4144 1150.043
27.4529 1254.700
72.0452 1226.733
45.4815 1222.785
0.385293 450.983
2.92528 1434.421
62.6919 1240.416
1.99022 733.378
91.9344 490.614
116.473 1227.044
13.6624 255.615
37.0446 1243.319
12.4332 1258.542
63.888 489.657
92.2435 1093.848
114.95 490.349
20.6872 754.000
42.743 1242.098
130.937 1221.452
35.9992 463.789
46.3935 1212.105
5.60812 1124.516
57.3182 1235.183
57.6065 1189.032
45.0934 1219.795
42.0044 1233.548
114.404 1232.186
9.24996 525.606
28.5941 1208.663
49.6801 1228.224
15.9344 1225.981
26.6717 1239.549
0.630431 666.973
40.7293 1175.260
28.3185 1392.678
16.4879 1319.434
140.161 495.058
123.807 520.725
49.9054 1218.468
20.2259 1255.707
143.957 493.655
23.0804 1256.770
11.0096 381.625
94.1306 492.100
37.153 1229.575
7.39593 1268.535
19.1261 1199.824
48.3405 1243.833
35.75 1213.757
27.9996 1224.112
41.5605 1180.557
30.0838 1231.859
46.617 494.599
29.8619 1214.722
35.1331 1227.411
37.9607 1234.690
4.08099 581.898
60.3046 1245.930
3.96444 1186.899
18.0775 490.348
10.0838 493.168
82.1211 1232.962
1.24851 677.315
1.69192 335.487
11.3844 1223.529
57.4938 500.024
22.5128 1263.238
6.66432 500.605
12.733 1320.782
6.16042 515.227
47.8989 1213.471
61.0626 490.116
5.01958 510.015
3.45476 561.220
89.6616 1243.148
47.3397 498.432
84.0436 7.167
59.262 498.632
15.4094 186.951
123.641 491.889
12.8619 1219.102
61.3041 1242.006
2.64068 1324.025
9.16423 1244.383
26.4253 515.815
3.68553 1315.997
24.1872 1228.148
33.3029 1234.452
4.81063 1326.279
25.9269 1275.444
12.6004 1316.998
90.4128 1231.965
92.119 1768.053
79.5829 498.563
27.7674 1212.963
28.9059 491.533
44.4572 1221.856
144.875 494.622
7.39874 513.061
27.3509 1196.771
6.68457 1258.308
64.4273 490.545
23.2574 1263.048
36.1647 1228.791
34.4369 489.613
12.7969 1187.136
69.2448 1253.007
88.1693 1238.638
30.9308 1208.183
145.039 1227.151
11.891 1310.258
14.7611 1222.447
6.86841 1231.737
338.989 491.686
20.3225 491.970
69.2508 1232.130
48.0229 1223.056
97.4204 1236.312
68.035 1229.383
27.5026 1198.027
327.954 492.730
7.90305 478.843
65.0405 1212.878
5.26837 1245.957
123.176 1212.124
13.8555 1301.196
28.41 512.363
116.248 1206.486
19.2895 1186.595
1.05656 1403.952
4.60527 1235.143
27.1104 1230.145
55.6158 1214.009
80.1078 1230.175
12.0688 1258.559
10.6115 519.806
149.078 489.540
26.8617 1193.939
16.4277 1230.813
16.4188 510.772
119.181 494.227
25.3378 1253.454
2.6161 1321.914
14.0578 1247.410
66.6531 498.195
0.374767 3171.805
19.9983 1277.730
115.73 493.449
75.9001 26.251
65.0733 1237.285
4.49784 1352.050
70.2427 1213.583
107.314 1237.475
5.75569 2801.563
61.0275 495.438
13.5633 1263.651
57.5051 1229.849
29.8877 507.721
63.6746 1220.204
50.2289 1236.197
198.238 494.926
65.6657 1247.736
4.81247 501.018
64.7601 1230.715
147.289 1242.488
8.1244 1337.053
61.8934 1240.745
51.6131 1251.970
41.7674 483.939
67.1192 1238.602
20.7618 1278.263
107.294 2.375
26.8241 1221.179
23.8008 1224.429
10.8865 1349.694
38.7157 489.738
98.4058 1236.032
21.1966 1252.761
50.0429 1200.809
124.224 1241.008
33.9824 1218.156
134.92 495.670
4.54132 1158.783
233.784 374.907
36.7171 490.280
35.464 1261.403
11.3942 1249.202
27.0991 504.083
17.5368 1074.256
2.99536 1345.280
43.311 488.509
11.1743 1239.106
22.5213 502.270
41.7879 1222.405
32.4951 634.113
44.3009 1247.618
92.4251 496.865
7.6831 760.110
62.6868 1220.911
53.2114 1231.992
1.99806 590.414
27.6161 1222.974
29.7941 498.531
4.34357 1145.527
6.58157 1654.605
3.36529 1131.458
41.7574 780.273
13.4336 894.169
4.79283 601.933
0.162783 574.019
166.09 491.528
137.487 493.449
57.6969 1244.761
67.8473 1225.197
17.6366 531.516
25.0089 1110.421
2.10841 581.671
3.4219 767.994
1.7055 315.027
13.5744 1321.751
3.44347 736.048
157.017 1233.256
47.0666 1228.702
28.1796 488.764
110.652 1234.918
75.243 1229.569
203.016 493.188
210.201 314.084
13.7909 1265.159
85.9963 1227.821
26.7439 496.330
16.9618 491.127
94.078 1238.393
95.964 492.885
3.25526 617.143
0.506652 991.294
128.447 1223.651
29.8756 486.286
9.9692 1225.775
92.3657 1227.786
18.9345 1186.018
76.0765 497.675
62.5767 1234.938
6.72707 1281.982
17.187 1173.885
54.2556 1230.377
55.4372 1235.559
66.0178 498.895
44.032 1229.760
12.1591 1332.631
16.4109 507.459
1.29893 1283.756
63.2762 1224.416
11.163 1133.684
96.2361 1234.765
132.586 1228.419
107.028 1226.533
66.4838 1235.441
18.5416 1271.054
8.66155 1332.067
39.7187 1255.562
72.1114 1212.030
11.8533 1339.052
1.81545 900.714
149.212 1228.965
94.6923 1222.848
109.065 1221.709
11.9707 1309.515
89.7507 1228.278
12.1287 1135.668
46.6707 1245.657
54.2022 1229.241
37.0041 499.772
18.3549 1301.392
170.815 491.652
6.93399 1076.368
2059.36 16.919
1.51354 1458.513
20.4858 488.736
2.25051 653.930
138.19 1191.901
40.873 484.727
166.091 491.489
175.906 495.082
21.9183 1283.659
3.08261 511.515
34.982 1244.449
0.472573 914.483
95.388 496.357
28.2899 1222.606
3.00527 1084.336
36.1537 502.482
51.9167 1259.700
11.0097 1293.933
22.3263 1264.535
100.17 493.701
25.9569 1244.416
15.9463 1263.419
63.0062 1229.663
253.622 291.716
17.8932 1152.531
22.8171 1017.478
48.9943 1250.648
38.0873 1252.861
12.8186 1263.365
8.87892 1147.559
124.817 1237.298
385.802 492.758
75.1683 1173.852
60.3995 1215.166
136.554 493.115
25.2509 1189.810
25.4414 1260.692
20.0273 1263.357
27.7876 1242.485
4.83845 1113.460
20.2273 1204.386
157.791 490.622
71.3507 1226.622
84.4622 1215.930
18.3406 1259.195
464.146 17.263
185.876 492.709
12.4664 1228.728
185.608 493.461
39.7888 495.618
61.4824 496.943
19.9278 1230.808
5.21302 1335.932
94.4222 1138.741
10.7454 605.444
15.8042 1202.648
19.8875 1233.421
7.4613 1332.998
6.96288 1206.051
34.8129 500.124
118.036 490.054
49.5966 1251.136
108.444 1227.213
37.1451 515.064
15.924 1219.468
187.735 491.705
152.09 494.757
15.7708 1259.334
48.6294 1234.424
13.4138 1286.490
75.5638 1230.046
87.4366 494.545
59.1271 1230.047
9.92031 1120.870
49.6961 497.221
43.4752 1259.730
7.86607 1267.201
101.897 1235.148
7.46505 1334.139
39.7791 1231.281
112.804 493.837
396.657 17.579
13.7621 1200.989
64.3911 1203.398
34.0656 483.300
174.406 492.716
38.3766 1266.647
25.5978 1223.246
2.91326 982.268
64.9328 1215.167
18.4906 1143.051
6.38527 1497.361
5.63776 1376.165
90.2956 490.711
19.8515 474.374
153.289 1218.032
143.027 492.637
22.0019 1256.497
4.83567 502.400
35.5369 1274.875
12.1094 1339.027
81.457 494.413
0.169898 549.980
153.724 1228.616
2.14157 442.053
61.968 1228.535
47.6776 1233.314
91.4952 494.394
20.6487 1162.716
27.0465 1214.996
2.11833 1454.858
70.1156 1229.546
12.1845 1239.465
36.3915 487.643
8.96982 521.009
42.0977 494.514
92.9145 1208.969
125.551 1231.388
19.2449 1290.097
6.75325 1148.852
47.7193 1230.051
84.0645 1224.575
7.42563 1204.864
33.1231 1241.248
14.1355 1295.999
187.874 495.789
15.0209 514.759
22.4452 1258.273
1.89773 406.213
77.6174 1229.504
60.7098 1174.552
96.5766 496.650
58.0709 1235.297
5.34358 498.602
86.6919 1235.314
53.2135 1240.285
60.0806 511.240
9.652 156.104
431.853 492.965
13.8551 520.042
26.5092 1253.255
35.6287 374.049
28.6569 501.325
8.11164 336.938
75.6965 1233.456
28.4087 1239.445
306.924 570.551
65.6808 1246.810
65.1395 1242.630
24.9019 490.147
195.511 492.423
56.6544 325.530
172.981 899.604
33.0418 1201.360
140.01 491.892
78.4211 1234.243
55.6995 1230.250
75.6605 231.715
5.83193 543.468
95.908 490.782
6.16646 1331.243
38.9144 227.210
75.2823 1222.211
43.4395 1196.318
38.9299 1217.587
9.18388 471.835
33.4846 1248.708
58.615 488.138
134.908 491.265
27.3498 1223.895
72.4892 279.395
25.7909 1243.208
97.2509 1243.413
263.799 493.842
849.681 16.872
45.8336 1241.670
117.587 321.336
61.5954 1229.123
26.7398 1214.747
10.698 1234.006
61.6961 490.582
542.173 324.691
19.599 500.596
11.812 467.715
6.65548 1373.643
122.271 1227.028
79.7488 1198.073
71.8662 958.085
191.852 329.507
12.949 1200.080
50.6452 1228.205
549.334 321.942
528.516 334.050
49.5727 1657.361
31.0115 1236.275
7.67746 584.193
43.7281 1185.881
13.7841 1333.269
13.0133 1241.138
543.338 327.690
40.3209 494.319
157.816 493.990
36.3589 1257.762
35.3618 1218.726
25.1398 505.914
31.9894 1223.521
526.808 338.090
36.8509 1214.051
47.3983 489.064
473.199 378.193
328.782 493.059
1.32475 1484.747
439.411 387.936
20.3039 515.432
32.1103 1262.928
14.7576 1246.716
39.4888 576.284
389.914 401.349
2.70071 462.752
85.8025 494.271
24.2979 1313.133
197.883 492.144
4.00238 626.227
53.1123 1235.241
66.3459 1225.234
347.238 481.810
29.0601 1251.179
41.9123 486.846
158.388 1229.635
53.9988 1243.050
41.505 508.511
52.0174 1231.530
94.5382 495.427
30.8517 1264.846
12.3496 1227.066
397.788 417.836
21.7202 1180.712
38.4255 1261.763
53.2366 1239.753
12.1283 1270.812
51.85 1244.009
9.26872 928.733
9.94736 945.513
10.2118 1176.086
43.6259 1165.237
12.0324 519.578
71.1899 1239.472
186.222 492.432
80.2247 1225.268
49.7727 1237.888
16.4515 1318.821
44.7897 1212.499
140.899 1223.827
399.529 494.066
13.8499 1282.737
144.844 1230.553
36.4833 1204.286
104.523 1212.125
15.8366 1266.679
6.40756 1363.950
314.866 530.696
39.8254 478.196
45.1437 1214.957
290.245 492.773
64.6299 496.523
7.3948 480.164
6.90538 1115.073
23.0088 1254.731
15.0524 1279.751
14.0225 1240.997
15.0584 1139.902
157.832 1230.076
1202.12 88.626
169.279 492.316
81.0376 492.958
65.4715 497.042
32.4557 1263.682
21.7199 1261.391
160.355 1233.649
6.67615 571.817
92.7026 490.882
76.0209 1236.736
62.0582 1246.543
73.8276 1245.111
42.8066 1234.277
91.5897 1229.883
7.04303 1201.739
0.427056 957.254
0.246404 663.626
117.876 1220.420
0.175243 666.507
4.50056 459.356
97.9828 1228.556
24.5352 1260.783
66.9441 1234.444
23.8637 1221.589
132.858 1214.166
21.0592 1306.167
38.1646 1214.542
200.563 461.439
70.673 493.650
28.8365 1244.474
163.247 492.781
63.0209 490.001
12.5097 1205.487
43.0866 503.162
72.5609 1231.894
66.1543 1243.411
8.89544 464.900
67.2621 1241.995
11.9839 480.666
85.5839 1221.176
49.0147 1233.106
31.0143 1217.795
80.4327 497.323
49.5916 1247.027
5.13563 1032.535
67.7324 1237.562
64.7123 1236.347
77.2392 1216.133
16.5977 1308.003
13.528 528.958
2.49871 937.146
3.085 1432.840
137.39 496.231
59.4847 1246.739
13.5044 1217.556
25.5416 1279.604
25.3618 494.354
82.4349 1172.847
116.987 1212.888
161.073 1231.315
10.064 1105.289
21.0866 1250.331
31.921 1147.749
137.598 489.678
76.4047 1155.946
47.063 1251.033
9.06851 1275.416
65.5782 1232.767
59.4744 1241.401
31.9101 1239.995
33.2702 402.793
77.9917 1170.170
59.1394 1225.224
15.5343 1231.251
257.205 490.738
56.7002 1234.419
52.4858 1217.763
80.3087 1216.796
66.8299 1221.596
41.5765 1102.308
141.629 491.797
120.067 1114.968
121.461 1234.999
32.136 493.058
18.825 493.478
7.86831 1455.068
26.9493 1170.742
21.738 1243.772
12.6822 1175.696
1.86752 400.275
48.5694 1267.315
0.546135 1884.809
26.6985 1239.360
66.0599 1244.264
9.26788 1083.920
67.4779 1247.977
64.3852 1228.263
49.2727 1222.562
175.873 491.708
5.32118 1262.638
379.028 203.820
99.7962 1234.990
43.8251 1095.780
53.7704 1255.003
35.9012 492.727
18.8775 1074.259
80.7948 1243.185
4.06595 1095.953
124.15 489.874
185.463 494.202
3.47055 477.896
1800.65 15.795
13.6438 1179.110
13.4497 510.998
54.4552 1238.423
25.7388 481.472
19.71 1225.810
123.663 494.472
29.5539 511.402
57.085 1139.107
58.7194 487.760
79.8866 351.784
8.84349 1326.221
28.3528 498.564
31.3943 1259.606
50.7641 360.181
10.4052 1373.568
105.28 1229.318
44.3852 494.104
12.45 498.932
20.3734 1227.750
16.192 1159.424
190.911 491.075
11.3096 1308.530
38.0986 1215.510
8.04127 1261.399
58.8266 1162.243
104.852 290.647
26.0599 1193.985
316.951 492.630
18.0772 1269.440
20.5712 747.855
124.352 1140.996
139.909 492.357
514.969 1231.731
37.7607 490.509
71.8138 487.287
74.8471 487.058
11.2458 1248.846
36.5508 1228.293
59.4747 1226.721
7.52596 1311.112
48.5237 1204.388
18.5715 487.007
38.7104 1269.755
78.6299 1230.996
30.5181 487.401
33.8317 1258.903
8.20678 1166.580
100.547 1240.992
48.3655 1246.984
77.7733 489.340
4.53847 1028.618
50.6536 1247.599
5.2129 1396.040
37.4824 493.457
31.7001 1226.587
65.3044 1220.836
11.7629 1311.425
129.001 495.396
3.9564 1305.611
38.3999 1242.544
196.315 492.153
18.0804 498.657
2.87085 532.625
3.14265 589.769
12.172 1225.994
2.14018 579.151
75.4664 502.086
4.39641 1190.964
1.79164 801.732
16.5765 491.433
122.694 1233.055
67.5825 1246.010
24.0774 1280.543
9.19407 1321.969
18.511 1286.144
51.2886 1256.322
47.4267 1239.592
179.744 491.935
9.3803 504.291
42.6434 1239.780
187.581 491.703
40.2782 1257.566
97.7108 1240.870
167.108 494.208
5.12648 578.468
95.7987 1229.785
335.854 492.428
48.0157 1213.856
58.0555 1229.952
52.0711 1234.511
62.6851 1241.880
37.0112 480.457
92.2354 480.072
58.3963 774.682
8.34559 573.260
63.4453 1211.896
52.5634 1207.304
39.6219 1245.769
18.7036 1236.416
195.746 492.599
65.2517 493.850
60.1864 492.054
76.119 1088.928
13.6198 1190.530
0.484932 963.434
69.214 1197.697
87.4719 1233.627
56.9452 486.982
95.8424 1234.228
20.7791 486.420
0.486208 552.522
40.921 1235.951
56.07 1215.862
39.1924 493.479
9.40966 1187.102
42.2422 1242.946
44.8511 1178.169
31.7761 506.473
9.39635 1385.990
201.843 492.769
47.7354 492.273
62.9685 1202.530
11.6218 1239.529
332.954 491.511
214.288 492.145
63.2619 1139.853
141.843 492.322
86.2411 1215.733
3.98439 3866.009
84.0989 229.336
30.8449 1211.424
26.4931 1193.592
147.561 494.464
12.7129 1171.828
3.07005 1294.050
43.8102 224.723
81.387 1241.695
180.564 492.793
52.7594 1223.807
103.171 1234.894
185.253 493.476
18.6998 480.322
236.158 1231.313
104.38 983.848
130.73 494.317
16.5978 1206.296
23.4001 323.944
1.98545 822.657
66.9962 1244.327
23.8964 1169.766
106.629 492.602
24.3557 387.126
57.5252 1219.219
62.256 484.921
352.646 491.943
76.8841 1230.895
58.4077 1242.281
23.5378 1246.367
43.7046 1227.943
40.804 1241.844
94.253 901.653
23.561 1266.441
62.2172 1250.083
58.6082 1234.407
57.8736 567.277
81.4512 1237.371
7.17473 1261.971
78.9357 1144.275
68.3012 1242.028
14.4978 1178.923
90.0824 1227.838
181.416 493.072
137.593 490.697
158.134 492.521
3.84361 1118.661
25.9733 1249.396
10.3872 1369.058
223.231 493.256
126.666 480.447
20.2259 1263.527
17.0891 1237.757
69.1446 1094.273
14.5872 1211.895
212.927 491.961
128.17 564.908
24.256 1249.796
64.7247 1246.963
35.3534 1020.922
48.6676 1228.052
153.274 493.797
12.4957 520.995
7.93841 521.116
43.7983 510.808
52.0426 1252.628
72.6586 1181.271
33.2598 1243.861
7.91625 1088.181
9.06323 1247.485
17.6406 1231.229
195.659 492.308
23.1132 1226.011
67.2766 1248.370
192.922 495.166
24.3902 1259.244
99.6996 486.502
16.681 498.618
53.666 1193.001
17.034 1233.856
65.0245 496.558
19.4072 1207.683
48.0826 492.646
17.9077 1266.696
34.6426 1241.875
10.5135 1284.941
33.3449 1217.487
147.808 490.819
1.61314 926.947
13.1243 1227.962
56.789 1214.880
61.3073 1253.311
109.421 1244.035
17.3468 1098.187
14.07 1220.132
64.0046 1242.434
78.7932 1236.339
23.3757 1253.383
62.9593 1167.592
23.3425 500.320
167.408 1226.997
147.176 491.703
3.87117 509.902
11.7007 1229.272
29.7475 1262.236
34.1236 1208.254
65.0289 1219.151
147.851 1220.710
34.3016 503.461
59.3517 1241.647
112.018 491.764
40.2004 1226.690
537.342 334.700
35.1256 1199.093
62.7865 1211.651
15.8071 1279.388
58.1042 1228.524
26.7362 1214.473
16.5487 1284.732
26.3324 1224.059
41.2907 1231.668
13.6501 1228.830
226.972 491.362
43.7161 1231.039
71.5361 1231.164
2.9727 1306.938
40.4878 1242.889
61.7774 1235.409
7.84449 574.732
53.9492 484.236
20.2016 1208.759
166.043 1141.971
18.0474 1237.849
29.8449 495.245
11.1579 502.461
11.7661 1257.732
95.1147 485.671
12.2168 1294.507
80.3845 1042.207
18.1525 1265.463
31.3827 1228.215
10.9526 479.090
12.0428 1148.678
1.43312 994.304
10.6685 507.991
66.7772 1247.959
7.41196 1217.102
49.6439 960.526
206.333 493.958
27.9395 1224.024
29.7543 348.583
19.2783 524.891
4.22303 622.301
90.4872 495.722
37.0601 1256.040
17.2171 1194.270
29.0546 1248.878
30.3363 503.009
150.408 494.559
61.8183 1244.138
24.3663 1215.039
65.034 1206.844
45.9854 1218.677
36.603 1223.001
45.0243 1214.112
11.9128 1101.500
23.9937 1255.092
5.71264 1149.058
21.6628 1237.757
72.475 1179.398
7.81232 1386.089
36.7937 895.319
28.3254 1682.834
23.1636 1245.492
57.0783 1207.860
43.9069 496.564
86.0038 1231.974
59.8777 1230.390
23.4709 1234.470
92.2246 1235.796
142.125 1123.186
35.9651 1245.901
272.82 333.221
5.52298 1407.152
24.1443 1203.110
10.471 380.373
20.3399 320.426
42.8855 1247.283
53.9995 445.748
371.068 14.070
94.9744 491.538
4.16393 1316.274
16.6136 1212.088
112.331 493.088
51.8904 1230.382
13.8655 1268.236
62.6401 1186.563
37.4809 1228.293
60.4943 1232.294
31.1586 1044.584
21.7633 1257.268
32.2446 1244.144
178.036 330.429
6.69391 1318.987
73.9385 1228.699
215.824 493.109
0.917774 660.337
24.5293 495.212
170.156 534.494
27.6171 500.895
15.1183 1239.213
64.6787 1242.491
49.0767 1058.025
160.899 1236.563
13.1542 1137.281
121.24 491.987
82.1795 496.082
18.4146 1138.854
74.7237 1232.339
42.8071 496.338
7.56035 534.257
43.9112 1127.315
126.212 353.316
1.0781 910.043
8.26814 1189.193
190.74 339.000
101.807 522.433
85.1587 1237.193
10.9867 1215.217
69.6798 1174.115
57.3624 1239.443
3.16474 532.772
127.686 1182.240
12.3513 1211.431
128.713 1140.734
5.46758 1132.921
54.2725 499.169
14.5 1176.852
12.9538 1241.983
177.377 520.297
125.936 1227.625
12.2758 1321.043
81.9178 475.662
156.777 490.173
34.6762 332.788
2.9916 1298.682
155.905 490.620
36.1018 488.103
81.9531 1244.636
62.3666 1217.863
8.46228 1183.898
573.487 18.595
171.429 673.840
63.4683 425.521
14.9629 490.275
29.3729 1217.564
3.75562 1275.255
69.1688 1239.316
14.0249 1174.580
29.9864 493.508
25.0825 1237.492
12.7279 506.787
111.359 1228.325
10.6724 1237.558
56.1866 1230.212
28.1906 1231.668
42.5145 501.834
11.1556 1216.908
269.448 492.249
59.3499 1205.199
300.406 492.680
100.085 1225.687
69.1973 1585.079
11.9107 1109.434
70.7151 1241.570
65.5371 1234.456
14.4049 1250.304
37.0762 1240.248
78.7986 1172.198
23.1435 1172.390
49.2948 1231.128
56.1389 1232.772
112.938 492.854
3.9737 925.888
110.68 1238.398
38.3445 1197.753
8.99524 1300.801
79.6274 1143.329
49.6294 489.600
23.4625 1245.323
7.29468 1217.405
15.8042 1214.330
17.576 1184.877
12.6407 1129.456
22.7929 1210.617
9.70733 1315.914
68.26 1122.481
111.004 488.058
76.0905 1156.736
24.6023 1131.899
272.557 493.274
5.32906 1318.114
9.20156 500.124
17.5892 1221.482
59.0141 1244.190
100.243 1244.768
29.4961 503.034
22.8579 1205.005
118.876 1149.992
26.0574 1248.500
10.2547 1256.881
45.0668 1246.381
8.17134 1361.136
38.2665 699.468
76.2338 1226.539
19.0372 475.233
49.4703 1249.986
157.81 493.314
35.5287 1256.114
116.132 492.737
13.065 1241.306
53.6033 1241.881
18.7365 1240.906
65.2544 1243.017
12.5852 1220.412
41.3882 1257.051
0.942957 953.767
0.161838 577.367
18.8081 1184.673
24.0181 1260.670
68.7725 1009.172
11.2107 1237.632
35.5771 491.482
39.4728 1226.584
36.6365 1236.583
70.6022 1232.979
35.5768 488.632
116.684 494.983
8.61329 1356.388
89.3881 492.972
6.84987 990.522
116.558 1237.030
101.012 1225.961
12.3608 1180.494
25.9882 1233.142
35.9234 1226.263
117.56 1208.781
5.36873 1339.608
86.5428 1239.051
105.843 1238.534
136.807 493.340
19.8612 1226.018
54.421 1223.564
15.7144 488.326
89.8729 493.919
102.477 1229.366
95.7588 1164.115
31.3239 1271.167
34.3634 500.853
31.4351 1244.684
10.5486 1060.416
81.122 1228.305
171.017 492.921
41.6842 236.491
104.367 495.410
33.1814 1192.966
27.6984 1218.955
26.8338 500.767
12.1868 1246.424
73.8298 1075.779
42.8765 1206.061
15.4025 1274.238
29.3975 1224.430
32.7896 1209.816
66.3267 1246.075
17.8451 1254.559
16.885 1294.055
19.4036 1219.885
13.592 1267.340
1334.71 19.506
111.022 1229.095
9.70704 1348.246
124.038 1222.978
31.8772 1235.854
72.0845 1234.848
81.2983 496.197
23.1538 1252.358
217.038 491.536
48.4427 1256.777
124.678 867.908
26.9296 1187.371
39.291 1216.623
10.8773 1241.794
213.242 473.476
16.9832 488.296
16.6635 1215.812
48.2985 1247.977
18.0489 1174.817
23.5811 1282.336
0.176137 1431.340
25.9568 1208.354
7.51812 1383.167
22.7237 504.417
4.90103 1242.236
16.7793 1271.102
88.3739 1208.119
75.4434 1233.704
7.27943 472.626
41.8943 1234.108
40.5176 388.011
102.681 1223.587
65.467 1196.385
63.5141 1243.683
49.1369 498.186
27.6961 1271.547
88.7228 1214.935
60.0482 1214.078
54.7477 504.071
31.8028 1254.685
54.3087 1221.593
33.2905 1213.009
4.67996 1170.787
13.6537 1223.704
121.144 1209.656
16.71 1303.083
31.1633 1223.334
14.2755 1236.998
37.6893 1256.005
62.6529 469.025
24.294 1243.313
5.99906 453.645
6.9653 1331.447
40.0157 1236.961
18.3064 1288.443
33.5572 1242.802
86.2089 1195.955
96.8618 1194.120
273.721 1229.538
16.589 1273.655
142.915 477.196
37.6765 1223.651
165.957 491.981
147.338 492.375
44.5398 1202.004
48.3531 495.746
22.9576 486.508
96.267 1236.298
31.9249 1082.487
434.05 452.649
60.2331 495.149
55.1918 1225.812
65.1828 1220.654
60.1487 1241.087
147.866 1235.580
24.0179 1229.598
65.7904 1227.817
16.7334 1289.043
3.54606 1709.481
75.9962 491.660
4.24441 1356.666
14.2101 1108.662
71.6419 1221.171
51.7012 1254.083
21.6532 1246.088
76.236 948.547
44.8928 497.027
19.9057 1237.228
23.5148 1267.316
39.2494 1248.698
64.3813 1234.528
155.891 1229.298
14.5075 533.397
115.484 490.262
5.3417 889.126
25.4669 1226.280
13.6077 1294.675
16.8301 1265.606
80.0436 1224.328
17.448 1223.294
14.2858 1174.068
68.8221 1239.901
158.269 492.099
82.6393 1240.590
49.6847 1239.017
93.9015 1227.394
23.6006 499.481
20.2778 508.608
2.96615 846.620
53.279 1234.805
3.15178 1496.529
71.3715 1245.575
151.568 676.482
45.6042 1227.433
17.7261 1267.074
45.6754 1227.875
71.7378 954.876
127.671 1228.824
8.18779 1300.610
52.5696 624.062
20.6937 1230.026
24.4028 1275.016
13.8045 1229.636
14.6755 1264.169
159.032 493.941
13.1856 1244.953
2.96795 1028.368
51.9393 1216.717
7.72674 1274.224
43.9007 626.293
92.8968 1231.879
37.3126 1267.437
41.4069 1261.845
28.5686 1265.898
31.1324 805.755
12.4105 482.806
4.36967 1604.021
159.121 1229.098
179.046 490.808
15.1128 1234.495
25.632 1234.443
22.3654 1241.270
31.8432 509.282
19.6637 505.703
10.3669 1203.299
25.4246 1172.733
48.9297 640.459
2.38881 689.414
40.6693 1272.316
15.5591 1103.057
15.2984 1071.599
39.3274 475.785
55.8599 1175.459
56.3355 1208.988
26.4508 1193.821
42.5365 747.665
41.8994 1229.518
1.98822 1456.903
74.8951 498.571
45.9064 1234.142
17.0164 1195.027
27.2587 734.386
21.8981 1235.358
6.61567 501.404
6.89255 1295.480
257.495 633.318
23.7219 479.202
98.3681 665.169
68.8765 1232.183
32.8898 1092.353
58.6891 1228.801
18.546 1009.864
60.3368 1167.862
121.753 1234.408
2.04578 544.246
2.84308 562.575
25.5672 1238.781
20.472 634.660
25.3408 495.916
16.8223 488.103
36.6242 930.391
158.321 1233.316
94.8387 1226.801
249.805 830.627
22.9498 1236.380
25.4791 1199.103
59.7387 1244.906
30.1013 886.539
13.7372 1333.570
185.548 1225.479
22.7524 1256.879
52.6816 1253.286
27.4122 1241.091
84.2659 490.862
27.164 1269.201
17.1797 1217.204
17.6566 1268.545
12.678 1304.865
177.722 488.409
10.6251 1249.069
54.3954 1257.979
61.3822 1248.689
59.1689 494.837
183.986 653.482
90.6987 793.565
16.9066 1234.938
125.141 423.109
9.9727 1084.944
26.921 813.027
10.8043 1350.727
16.6785 1103.987
4.44461 1367.556
34.5873 1196.084
65.5871 1236.214
10.982 640.531
21.5303 1289.553
72.8993 489.133
1.02523 364.561
12.2632 1191.329
9.25387 1384.395
29.4024 754.909
71.0044 1240.129
169.161 569.541
117.833 478.428
3.32998 1580.322
6.04339 1211.326
9.85131 1301.614
6.26452 1360.236
13.9348 584.595
6.7525 1199.141
38.0049 805.890
58.5581 1195.239
12.8578 1288.396
9.75877 1186.221
104.248 1237.761
4.32971 1408.169
37.9192 712.938
31.5335 1228.306
8.114 1326.746
62.0369 1023.778
18.9091 608.334
13.6117 1340.099
55.1744 787.909
25.7719 621.835
89.3702 1226.805
15.6773 491.904
28.6809 1269.775
5.58739 1172.727
4.50637 1125.535
24.6033 1255.534
9.91459 519.525
66.7214 1238.774
28.5308 1276.455
24.8982 1089.275
37.7409 1246.289
17.5285 228.660
78.8419 1106.637
16.0093 496.252
129.136 477.326
3.35183 1331.143
23.0567 1254.285
22.3127 1228.453
26.4747 1255.986
52.2862 657.818
17.4746 1221.836
17.0861 1148.112
10.831 1147.402
2.91766 1808.477
8.27249 1283.780
54.2356 1232.954
120.987 1014.194
40.2333 680.553
22.1191 1192.190
8.87138 556.919
7.80788 1208.802
22.7874 1251.508
48.2949 901.607
24.1642 468.981
15.3759 487.876
61.8593 1236.172
115.312 1237.986
258.455 728.007
29.3468 490.914
21.5664 1342.910
59.8471 620.320
74.8466 1245.615
25.6904 453.281
41.1872 1261.200
30.3177 1251.678
11.7391 1234.305
43.0754 966.968
4.04898 1424.761
13.4428 496.990
32.0107 1139.827
11.1449 1307.972
152.61 1194.676
11.7301 1303.561
18.3982 631.261
11.3991 1286.955
183.232 1081.598
18.6638 1246.203
45.492 1230.945
13.2286 541.504
74.8294 471.661
40.2925 583.980
74.6582 473.056
372.872 1230.702
47.5626 1236.387
24.1405 492.438
67.9701 1231.045
60.7843 1239.839
47.7515 1236.007
12.4026 1190.424
3.80435 1581.138
75.5973 494.853
10.1213 1358.051
35.5467 1266.471
14.7487 1302.615
67.6225 1162.828
5.73504 1435.806
12.7627 1283.069
29.4813 1252.760
100.666 1225.168
4.29193 1043.304
14.9118 1224.283
65.8114 1240.782
13.4671 929.015
40.3987 488.334
106.867 570.194
8.05671 1337.959
5.92115 1193.947
73.7377 1234.739
41.9975 1225.344
217.767 335.783
0.814793 258.029
147.808 1227.733
22.1666 1052.193
20.4548 506.490
13.2305 1264.756
4.83623 484.022
5.23026 1518.027
12.5463 1283.923
27.6638 1263.872
58.9192 1240.918
42.9855 1238.896
12.9191 465.606
45.6799 486.495
40.4998 1231.255
10.796 778.957
6.46177 1319.607
5.35139 1290.519
183.42 1053.902
14.3727 1226.732
16.457 1202.461
89.255 1240.554
16.6722 534.081
180.352 494.839
18.241 1277.502
67.1394 606.510
12.9144 1227.290
28.5633 1297.393
21.8246 483.701
155.223 1225.033
9.4709 567.295
26.0484 1227.602
8.35278 535.563
11.2057 1123.062
169.677 492.892
13.9241 497.501
62.4818 1140.012
48.2274 1244.956
6.01861 1260.756
73.7037 1216.652
41.7422 1256.579
172.08 1228.512
5.95647 1249.090
5.49886 1317.119
94.9619 489.435
9.09118 1262.921
148.171 487.201
46.6765 1232.877
22.8021 1174.786
3.59757 1058.403
13.6846 1240.259
42.0084 1153.309
14.0527 1218.373
2.1504 1211.234
3.67182 1320.108
13.0117 1072.211
7.95563 1287.935
52.489 1224.471
14.2235 1260.142
6.59201 1208.397
1.27959 483.782
51.7614 1171.117
4.0067 1308.886
31.2885 1224.146
4.5756 1258.466
8.40035 550.606
22.6987 1214.749
57.947 1151.997
25.5739 1294.881
189.135 1116.427
12.9299 1255.654
305.666 491.253
40.1632 1209.304
188.678 1052.263
13.1086 481.615
10.2808 1281.924
25.4199 1248.489
56.6256 1235.910
50.8538 484.861
171.335 998.315
4.77929 760.046
8.94178 523.676
58.8342 1237.727
27.2516 497.339
7.61779 1269.923
52.3886 1227.378
16.7501 1260.130
67.0716 833.931
48.8887 1239.402
86.9996 1238.262
257.552 493.314
43.5276 1247.641
60.9869 872.264
86.9507 1239.093
43.6957 1257.515
25.6768 1225.185
20.9949 1267.731
10.3558 1124.769
4.84287 1384.382
41.4573 1252.878
26.3056 566.940
38.907 1241.259
37.6575 1234.721
0.815933 314.928
66.077 1226.802
46.8448 1246.206
158.002 1230.149
55.389 506.032
34.4713 1195.870
172.441 1136.850
24.606 1283.682
286.507 587.081
122.13 492.168
78.7601 495.657
254.758 494.022
58.5854 1249.681
96.7409 1228.064
179.937 491.902
282.26 612.974
78.2753 609.916
429.565 493.743
326.473 492.319
53.196 498.733
35.5445 1261.770
6.96093 1295.792
27.5518 1226.518
17.1879 1223.959
78.6268 1223.114
42.7957 494.451
0.36796 3872.605
14.6474 1159.795
0.968357 325.665
52.5648 658.939
72.5254 1253.720
29.6696 1232.510
186.314 492.819
101.921 1231.717
36.9361 503.742
12.4095 1275.507
9.71906 1316.009
78.1786 1023.721
57.1168 1112.031
191.608 493.196
198.863 490.745
63.6641 493.449
82.8052 1229.899
39.9096 1178.682
15.6368 1307.796
63.7671 1236.918
61.8481 1217.188
82.7579 1230.602
18.5354 496.433
21.595 1203.294
155.553 1233.745
18.565 1234.639
82.595 1233.029
167.523 1163.106
79.8504 489.134
60.0724 1222.213
133.051 896.284
104.754 495.642
24.0807 495.847
40.3929 1246.675
22.8283 1261.954
293.831 493.489
3.21135 1234.664
36.4999 1261.031
6057.49 18.017
2.12699 1508.135
110.133 492.458
7.64025 1320.709
153.907 1230.466
34.159 1215.901
30.7687 6191.539
157.142 490.318
38.8775 1246.307
6.6633 1401.336
4.81121 1401.275
60.9227 896.308
8.74646 1379.803
29.5845 1255.927
18.1413 1277.015
1.64237 661.387
141.081 494.270
13.755 1226.469
6.26647 1248.806
0.15623 1046.662
3.77689 671.070
110.084 494.814
42.9448 1253.180
39.9562 1221.019
157.341 1233.638
46.0323 1226.481
38.2678 1221.654
11.4054 1122.392
55.5581 1217.412
39.5626 1247.387
20.313 1206.563
179.036 1103.946
147.198 492.995
14.4276 1200.696
113.255 1230.683
38.4799 1242.214
25.7366 1061.395
14.1187 467.409
6.94253 1281.977
60.8076 490.954
116.563 859.808
22.6561 1197.464
1.78823 907.891
12.4595 1283.347
10.0849 1238.379
40.9546 1225.786
39.7985 1257.045
30.7324 1216.921
32.2191 1267.374
102.699 860.266
159.114 1223.730
213.026 490.709
60.9483 1231.777
4.03504 1219.381
31.2691 1279.028
10.6063 1288.947
44.9909 1247.919
59.4424 1201.723
652.797 1229.356
176.667 1095.232
108.277 22.869
60.3336 1192.444
227.276 491.689
7.18 554.719
30.3437 1207.407
8.59009 1256.849
48.5495 1225.211
4.68795 1136.667
55.6108 1007.139
651.707 1228.637
23.212 1184.127
17.6758 1326.643
74.82 1236.688
21.9652 1286.260
61.9327 495.216
62.4086 1200.608
112.927 491.603
17.4927 1284.142
30.7688 1233.489
24.4299 1251.605
20.4973 1163.914
26.8154 1253.077
213.937 492.504
8.61586 1227.335
9.20501 1385.933
157.723 493.803
43.1202 499.095
338.822 492.376
356.967 490.628
86.7 1000.778
80.037 1235.850
29.619 1245.709
49.2769 1235.959
60.814 1236.447
11.3346 1322.569
6.95712 1135.331
47.8 1219.105
63.6368 1231.542
2.05954 289.230
1.9278 804.696
19.0012 1220.072
69.2442 1245.800
83.0379 1235.057
4.4324 1324.686
68.9494 1224.603
87.5743 492.299
53.2467 1214.273
29.2913 1210.328
14.349 1294.700
55.3743 493.690
25.1441 1238.395
140.513 1239.554
55.5098 1228.189
32.8083 490.349
49.3348 493.305
65.0146 1226.570
5.73097 1253.918
6.28077 1512.550
25.1056 1247.182
94.591 1222.333
287.746 492.921
62.8471 1243.750
39.1167 1255.366
61.9405 1234.846
17.2642 528.382
60.1946 1230.221
11.7331 1230.278
64.8184 1235.771
40.8084 1248.219
0.683598 392.980
57.7642 496.760
139.233 324.562
25.7684 1245.426
33.9422 492.083
77.1569 1227.008
7.62589 1284.046
1.58312 1342.767
24.546 1254.987
40.4934 1227.976
27.8734 511.835
27.3981 1260.612
6.25803 535.658
95.8598 493.262
75.7554 1241.134
74.0866 1236.993
1610.83 491.725
166.738 1191.646
20.7178 1213.215
82.811 491.005
42.527 1198.974
8.86102 970.008
157.65 494.215
16.1043 1274.229
51.9701 1243.364
57.8506 983.389
63.6649 1218.414
12.4313 1230.632
8.79132 996.437
5.47235 1362.265
26.1706 1226.861
26.8805 1247.169
10.3931 1240.985
1.25378 745.268
6.68414 1295.846
37.9998 1227.331
36.7215 488.733
16.2786 1214.760
94.4876 491.238
9.16613 1333.437
159.883 1233.169
158.002 1231.139
28.7851 485.702
2.15601 1187.110
132.435 1217.127
43.2407 501.243
87.2615 496.116
64.9405 1240.606
22.4516 1220.547
98.9593 1124.898
21.5433 1243.054
149.291 488.188
6.63662 1325.852
17.0868 1227.403
68.2162 1237.710
62.6912 966.988
11.6506 1246.887
26.4726 1241.950
15.1926 1335.953
17.2473 1012.903
0.367664 317.681
65.5586 1228.872
86.8545 1233.303
24.6282 502.564
59.0326 1243.150
55.9993 1232.216
6.75269 1362.589
75.5842 1116.169
57.4371 1249.399
134.404 493.897
26.4016 1277.966
6.21693 1325.669
17.042 1212.411
8.90634 1258.969
48.707 1231.742
4.4717 1319.351
64.2209 1253.303
0.835233 279.683
9.83369 1232.888
8.35921 1269.017
70.5283 1229.688
474.163 492.666
74.5613 492.156
44.6623 1246.847
157.332 1229.499
36.14 1231.138
166.329 1233.515
37.608 499.231
14.7263 1243.292
49.9003 1219.622
7.58945 1256.351
15.6374 527.300
177.889 489.892
65.7588 480.058
52.9033 496.924
4.33797 1401.136
1.4411 883.434
44.7513 1221.202
10.2937 487.381
2.73512 1319.546
84.8886 1233.536
158.865 1224.329
7.52514 1389.539
225.402 492.351
25.2666 1246.721
128.407 1230.570
6.23982 511.014
35.8885 1222.935
27.2299 1219.773
3.41764 1202.980
10.4938 1322.534
8.39627 1360.982
15.9413 1284.263
91.4952 1236.732
80.5542 1244.533
31.918 1265.867
15.5629 1309.889
64.5027 1232.206
4.09697 1489.252
65.0143 491.782
176.174 1115.122
33.1523 490.060
58.5175 1246.714
21.0351 1018.151
9.26485 1261.314
56.8828 1239.338
161.805 1229.989
95.6508 1237.799
41.3052 1249.176
44.9905 1258.479
9.78071 1260.768
2700.16 15.309
66.2035 1234.274
61.4964 1075.140
38.5098 1263.434
43.6237 501.389
2.86045 964.162
44.055 1246.804
2747.41 15.768
16.7107 1308.689
82.6797 1231.814
80.7167 491.006
91.4496 493.470
55.8364 1234.565
20.1883 1205.270
17.5575 1275.665
123.996 495.280
11.8033 514.570
98.3341 1239.440
77.6366 1243.382
81.4148 491.150
14.8835 1273.091
22.5594 1096.405
100.077 1227.338
121.373 492.717
54.8433 495.936
5.18443 1113.504
10.9613 1293.873
24.9236 1255.402
15.3822 486.157
1.85725 477.953
35.498 1260.768
110.156 496.305
92.7657 493.079
65.3525 1234.847
161.185 1221.680
68.3517 1241.645
938.699 1229.465
2.98149 1324.118
148.809 489.768
12.8167 424.099
149.656 495.313
90.2797 1246.779
39.5765 1242.962
57.5723 491.274
18.0994 1302.048
102.644 492.715
33.0994 1253.040
130.847 1225.846
47.9561 1209.219
58.2068 1226.178
88.0793 493.283
46.7299 1236.598
46.0209 1231.645
10.6571 471.274
125.017 1236.730
74.6256 1238.579
30.5039 1268.009
16.4582 1284.387
8.33631 1278.950
143.122 492.722
14.1172 1240.668
23.1418 1227.693
72.0964 492.465
21.3541 1248.070
132.155 493.738
52.0425 1252.406
63.2063 643.075
104.105 1234.296
12.2879 1290.204
115.94 1235.328
85.9278 489.902
72.0182 1231.840
26.97 1247.429
77.4039 1245.694
4.49841 545.928
14.5925 1204.247
36.4316 1222.152
38.5606 1232.146
11.7697 1112.378
2.30311 1579.335
4.8796 1103.895
0.803225 1656.901
56.0261 1233.298
14.5842 1240.394
27.2927 493.325
47.066 534.649
19.5128 1269.372
84.26 492.798
38.6288 1230.795
3.334 1149.081
17.1207 1267.726
4.77282 1165.129
162.35 1217.579
5.94264 1175.453
2.86903 508.738
2.27734 1508.886
36.7699 1215.813
48.8178 502.469
59.1843 1215.697
64.9509 492.866
68.4919 493.176
938.78 1228.913
115.272 493.996
90.7919 491.151
4.86946 1458.364
31.6808 1252.346
20.4177 1287.951
16.6385 1218.965
2.29584 1247.923
3.88023 1349.302
4.15502 1386.564
91.3643 493.675
265.764 492.320
78.882 1215.201
1.96876 1756.074
27.333 1222.082
10.4638 1302.641
24.3916 1025.012
6.97071 1340.466
18.5495 1255.215
12.968 1242.288
24.7308 493.733
14.6321 496.711
7.235 1232.175
74.6431 15.985
96.4407 1225.683
54.6362 1233.662
23.9848 1208.623
3.74939 1068.011
67.589 1238.993
165.31 491.578
2.28162 1284.910
34.5004 1234.057
144.169 1229.595
42.232 1088.783
33.6974 1260.868
22.5089 1221.846
152.66 1232.833
10.6213 487.158
5.81313 1261.807
23.4854 500.491
3.34257 618.494
32.1813 1231.853
40.5727 1231.560
29.7546 488.325
4.55885 484.227
95.8671 492.685
2.84686 1304.679
525.219 1232.643
1.61756 1018.129
5.65947 487.056
83.2147 1222.950
4.84719 1412.658
3.14093 539.204
97.2787 1226.766
48.3575 1247.299
119.256 488.240
9.76423 1298.426
2.29644 1322.396
1.71644 836.990
82.8491 83.925
59.7519 499.216
2.16829 517.126
1.1289 1107.065
125.31 493.079
62.4133 501.433
23.5244 511.526
2.25344 1290.612
33.4274 501.954
140.616 491.336
18.4888 483.909
104.709 789.504
74.4912 498.263
20.789 1226.011
1.12995 1044.011
33.5153 1259.115
55.1006 499.955
1.19767 1813.930
25.2037 785.869
94.202 1243.243
29.8369 1201.692
20.1075 1251.654
11.8394 1278.555
19.5097 1187.085
40.8094 1259.516
3.54966 1120.823
6.6309 1282.014
20.5149 496.887
183.019 493.132
34.2526 514.377
161.996 1215.563
91.1758 1220.523
22.9945 1226.923
19.1937 787.517
3.05212 1006.462
31.3706 498.545
0.413828 649.159
106.988 1226.524
105.126 1231.645
42.791 494.589
12.8929 486.871
19.7819 635.114
53.0863 1242.652
65.4255 1247.520
75.8458 882.799
5.22435 494.086
145.211 1230.554
99.537 497.361
48.2379 1249.702
28.0333 773.930
2.29166 412.836
66.4147 1240.452
53.404 1231.617
67.3441 1237.311
1.76293 1318.444
23.9064 497.050
155.998 1234.547
38.705 491.582
1.67618 1135.820
2.60343 1453.592
31.5796 736.852
2.30269 1318.807
0.966454 1281.054
2.60697 1303.765
12.5963 1224.570
31.8761 286.729
86.9623 1232.616
6.93506 1342.901
16.1039 1195.463
130.843 1227.651
160.993 492.109
13.9567 1171.391
57.9407 1229.723
120.734 490.862
374.296 492.175
